Date,Close,High,Low,Open,Volume
,AQB,AQB,AQB,AQB,AQB
2018-01-02,177.8000030517578,199.8000030517578,67.80000305175781,67.80000305175781,15090
2018-01-03,136.39999389648438,160.0,132.0,151.39999389648438,9920
2018-01-04,127.0,127.0,108.80000305175781,121.19999694824219,7100
2018-01-05,148.60000610351562,148.60000610351562,109.23999786376953,120.5999984741211,5225
2018-01-08,140.8000030517578,161.1999969482422,140.8000030517578,148.0,5270
2018-01-09,125.80000305175781,161.0,120.55999755859375,161.0,5185
2018-01-10,112.4000015258789,124.81999969482422,110.19999694824219,124.5999984741211,4930
2018-01-11,97.19999694824219,118.4000015258789,96.19999694824219,118.4000015258789,8700
2018-01-12,60.400001525878906,63.0,59.20000076293945,60.0,112170
2018-01-16,60.400001525878906,63.0,60.0,61.0,17405
2018-01-17,60.400001525878906,62.79999923706055,59.2400016784668,61.400001525878906,7020
2018-01-18,60.20000076293945,60.68000030517578,60.0,60.400001525878906,8500
2018-01-19,55.79999923706055,61.0,55.0,61.0,11880
2018-01-22,59.0,60.560001373291016,56.0,57.599998474121094,8900
2018-01-23,61.0,64.0,58.79999923706055,64.0,11740
2018-01-24,58.599998474121094,61.400001525878906,55.0,61.20000076293945,7495
2018-01-25,58.20000076293945,61.599998474121094,57.0,59.20000076293945,5460
2018-01-26,56.20000076293945,59.79999923706055,56.20000076293945,59.79999923706055,3675
2018-01-29,54.0,58.58000183105469,53.79999923706055,58.400001525878906,8725
2018-01-30,54.20000076293945,56.0,52.599998474121094,54.0,2865
2018-01-31,55.0,57.47999954223633,55.0,55.0,2995
2018-02-01,53.599998474121094,57.20000076293945,53.20000076293945,53.20000076293945,1920
2018-02-02,52.20000076293945,54.58000183105469,52.20000076293945,53.20000076293945,3745
2018-02-05,49.63999938964844,52.7400016784668,49.20000076293945,52.20000076293945,2640
2018-02-06,51.47999954223633,51.79999923706055,47.0,49.20000076293945,3245
2018-02-07,51.400001525878906,53.0,49.20000076293945,52.0,1175
2018-02-08,51.0,52.79999923706055,50.0,50.279998779296875,910
2018-02-09,51.79999923706055,53.20000076293945,45.0,52.0,3975
2018-02-12,53.79999923706055,54.31999969482422,48.099998474121094,48.79999923706055,2325
2018-02-13,51.0,53.400001525878906,51.0,52.79999923706055,1065
2018-02-14,52.599998474121094,55.79999923706055,51.0,51.0,620
2018-02-15,52.779998779296875,55.79999923706055,51.0,52.79999923706055,1270
2018-02-16,53.0,53.0,50.599998474121094,53.0,3375
2018-02-20,51.0,55.599998474121094,51.0,51.599998474121094,1580
2018-02-21,50.79999923706055,53.20000076293945,48.20000076293945,53.20000076293945,1935
2018-02-22,49.79999923706055,51.0,49.0,49.0,1360
2018-02-23,50.20000076293945,51.400001525878906,49.79999923706055,51.400001525878906,595
2018-02-26,50.20000076293945,52.79999923706055,50.20000076293945,51.400001525878906,1990
2018-02-27,50.0,51.79999923706055,49.79999923706055,50.79999923706055,1485
2018-02-28,48.79999923706055,50.599998474121094,48.060001373291016,50.599998474121094,930
2018-03-01,47.400001525878906,48.599998474121094,47.0,48.0,1705
2018-03-02,50.0,51.599998474121094,47.0,47.0,2250
2018-03-05,48.0,50.900001525878906,47.0,50.20000076293945,2070
2018-03-06,46.20000076293945,48.0,46.0,48.0,1390
2018-03-07,47.0,49.0,45.400001525878906,45.400001525878906,1430
2018-03-08,51.79999923706055,51.79999923706055,46.79999923706055,47.400001525878906,2350
2018-03-09,55.400001525878906,58.0,50.20000076293945,51.400001525878906,10320
2018-03-12,51.20000076293945,53.65999984741211,48.20000076293945,53.0,3590
2018-03-13,50.0,51.400001525878906,49.400001525878906,50.0,2240
2018-03-14,58.0,59.79999923706055,50.0,50.20000076293945,20600
2018-03-15,61.400001525878906,73.0,56.79999923706055,58.0,92020
2018-03-16,69.0,69.5999984741211,54.599998474121094,62.0,30170
2018-03-19,67.19999694824219,69.0,64.0,69.0,10310
2018-03-20,68.4000015258789,71.80000305175781,61.0,67.0,15525
2018-03-21,74.4000015258789,79.0,65.80000305175781,68.0,22680
2018-03-22,68.0,78.0,67.80000305175781,77.4000015258789,11740
2018-03-23,62.0,69.80000305175781,62.0,69.19999694824219,5135
2018-03-26,60.400001525878906,64.80000305175781,56.0,63.0,9490
2018-03-27,57.0,61.58000183105469,56.599998474121094,60.20000076293945,2420
2018-03-28,56.0,57.279998779296875,53.02000045776367,57.0,3570
2018-03-29,59.0,59.18000030517578,55.599998474121094,56.400001525878906,1410
2018-04-02,57.79999923706055,62.79999923706055,55.20000076293945,59.0,2780
2018-04-03,57.400001525878906,59.540000915527344,54.619998931884766,56.220001220703125,1280
2018-04-04,59.20000076293945,60.36000061035156,56.400001525878906,56.400001525878906,1445
2018-04-05,62.400001525878906,64.0,59.79999923706055,62.0,4085
2018-04-06,63.0,64.0,62.02000045776367,63.20000076293945,2805
2018-04-09,59.79999923706055,63.79999923706055,59.20000076293945,63.79999923706055,2655
2018-04-10,65.0,67.19999694824219,59.20000076293945,59.599998474121094,5460
2018-04-11,69.80000305175781,71.45999908447266,63.400001525878906,65.0,5295
2018-04-12,67.0,70.0,66.19999694824219,69.80000305175781,2215
2018-04-13,67.86000061035156,69.0,66.80000305175781,68.0,1590
2018-04-16,64.4000015258789,68.80000305175781,63.20000076293945,68.80000305175781,2725
2018-04-17,62.79999923706055,66.0,60.20000076293945,65.80000305175781,2715
2018-04-18,62.0,64.4000015258789,61.0,62.79999923706055,975
2018-04-19,65.0,65.0,61.52000045776367,61.52000045776367,740
2018-04-20,63.119998931884766,63.20000076293945,61.459999084472656,61.459999084472656,785
2018-04-23,61.79999923706055,63.20000076293945,61.79999923706055,63.20000076293945,1250
2018-04-24,62.0,63.7599983215332,61.20000076293945,63.599998474121094,900
2018-04-25,61.599998474121094,63.0,60.20000076293945,62.0,1945
2018-04-26,60.20000076293945,62.0,60.0,61.599998474121094,940
2018-04-27,67.19999694824219,86.0,60.599998474121094,60.599998474121094,138415
2018-04-30,62.0,68.41999816894531,58.400001525878906,68.0,15705
2018-05-01,60.400001525878906,62.08000183105469,59.599998474121094,61.400001525878906,6590
2018-05-02,61.47999954223633,64.0999984741211,59.20000076293945,60.0,3930
2018-05-03,66.0,66.0,60.599998474121094,62.20000076293945,4215
2018-05-04,64.5999984741211,66.5999984741211,61.619998931884766,66.5999984741211,2085
2018-05-07,63.20000076293945,65.19999694824219,63.20000076293945,63.400001525878906,1525
2018-05-08,62.20000076293945,64.55999755859375,61.400001525878906,62.79999923706055,1225
2018-05-09,63.400001525878906,63.79999923706055,62.20000076293945,63.20000076293945,2360
2018-05-10,63.599998474121094,66.4000015258789,62.20000076293945,64.0,2520
2018-05-11,62.0,64.0,61.20000076293945,63.599998474121094,2990
2018-05-14,60.20000076293945,63.0,59.599998474121094,63.0,1495
2018-05-15,60.599998474121094,62.20000076293945,60.20000076293945,60.20000076293945,2340
2018-05-16,60.0,60.79999923706055,59.20000076293945,60.79999923706055,2370
2018-05-17,60.20000076293945,60.79999923706055,58.0,59.380001068115234,2725
2018-05-18,61.599998474121094,62.20000076293945,59.400001525878906,60.400001525878906,1225
2018-05-21,59.400001525878906,63.599998474121094,59.0,62.400001525878906,1785
2018-05-22,61.20000076293945,62.400001525878906,59.20000076293945,59.20000076293945,1470
2018-05-23,59.0,60.79999923706055,58.0,60.400001525878906,1955
2018-05-24,59.400001525878906,60.20000076293945,58.599998474121094,59.0,625
2018-05-25,59.0,60.0,58.400001525878906,59.0,445
2018-05-29,58.599998474121094,59.18000030517578,58.400001525878906,59.0,460
2018-05-30,58.400001525878906,60.20000076293945,58.400001525878906,58.599998474121094,475
2018-05-31,60.20000076293945,60.79999923706055,58.400001525878906,59.599998474121094,665
2018-06-01,59.599998474121094,60.0,58.400001525878906,60.0,670
2018-06-04,57.599998474121094,58.79999923706055,55.720001220703125,58.79999923706055,1890
2018-06-05,59.400001525878906,59.599998474121094,55.79999923706055,58.20000076293945,1870
2018-06-06,59.0,60.79999923706055,57.70000076293945,59.599998474121094,475
2018-06-07,60.0,60.0,58.400001525878906,59.79999923706055,695
2018-06-08,58.79999923706055,60.0,58.400001525878906,60.0,1165
2018-06-11,59.400001525878906,60.0,58.5,58.5,545
2018-06-12,58.400001525878906,59.79999923706055,58.400001525878906,59.0,695
2018-06-13,58.0,59.20000076293945,57.0,59.20000076293945,830
2018-06-14,57.599998474121094,58.91999816894531,57.20000076293945,57.20000076293945,1025
2018-06-15,56.599998474121094,58.599998474121094,56.599998474121094,58.0,1170
2018-06-18,60.599998474121094,61.79999923706055,56.20000076293945,56.20000076293945,1715
2018-06-19,59.79999923706055,62.0,58.41999816894531,59.20000076293945,1300
2018-06-20,60.0,60.79999923706055,59.20000076293945,60.20000076293945,545
2018-06-21,61.599998474121094,61.599998474121094,59.20000076293945,61.279998779296875,1795
2018-06-22,60.20000076293945,61.2599983215332,59.0,60.599998474121094,1080
2018-06-25,56.400001525878906,60.599998474121094,54.599998474121094,59.400001525878906,4265
2018-06-26,59.599998474121094,59.599998474121094,57.0,58.0,1510
2018-06-27,60.79999923706055,60.79999923706055,57.79999923706055,59.599998474121094,1135
2018-06-28,59.20000076293945,62.0,59.20000076293945,61.599998474121094,900
2018-06-29,66.5999984741211,66.5999984741211,59.400001525878906,59.400001525878906,3415
2018-07-02,64.0,66.4000015258789,60.400001525878906,66.4000015258789,1065
2018-07-03,64.4000015258789,65.4000015258789,63.0,64.5999984741211,775
2018-07-05,63.400001525878906,66.5999984741211,63.20000076293945,64.4000015258789,1865
2018-07-06,65.80000305175781,65.80000305175781,63.599998474121094,63.599998474121094,1065
2018-07-09,68.0,68.80000305175781,65.19999694824219,65.68000030517578,7970
2018-07-10,67.0,70.0,64.4000015258789,68.80000305175781,3485
2018-07-11,66.0,66.80000305175781,63.79999923706055,66.26000213623047,2830
2018-07-12,64.19999694824219,69.0,64.0,65.5999984741211,1505
2018-07-13,62.0,66.0199966430664,61.0,66.0199966430664,975
2018-07-16,61.79999923706055,63.2599983215332,61.20000076293945,62.2400016784668,625
2018-07-17,62.400001525878906,62.400001525878906,60.20000076293945,61.79999923706055,520
2018-07-18,62.599998474121094,63.0,60.79999923706055,62.79999923706055,605
2018-07-19,61.0,62.599998474121094,61.0,61.79999923706055,830
2018-07-20,60.400001525878906,63.060001373291016,60.0,61.20000076293945,975
2018-07-23,59.599998474121094,61.400001525878906,58.0,58.34000015258789,630
2018-07-24,58.599998474121094,61.79999923706055,58.400001525878906,60.599998474121094,560
2018-07-25,58.20000076293945,60.79999923706055,58.0,58.79999923706055,1300
2018-07-26,58.0,59.939998626708984,58.0,58.20000076293945,1585
2018-07-27,59.0,59.79999923706055,58.0,58.0,1860
2018-07-30,57.20000076293945,59.79999923706055,57.20000076293945,58.599998474121094,1750
2018-07-31,57.0,59.099998474121094,56.400001525878906,59.099998474121094,970
2018-08-01,56.400001525878906,57.599998474121094,55.20000076293945,57.0,1510
2018-08-02,55.79999923706055,57.400001525878906,55.79999923706055,56.79999923706055,995
2018-08-03,54.599998474121094,57.20000076293945,54.599998474121094,55.79999923706055,640
2018-08-06,53.79999923706055,56.0,53.65999984741211,54.0,780
2018-08-07,52.41999816894531,54.0,50.20000076293945,54.0,2330
2018-08-08,50.20000076293945,53.0,50.0,53.0,2240
2018-08-09,51.20000076293945,51.20000076293945,49.880001068115234,50.400001525878906,1475
2018-08-10,51.400001525878906,51.400001525878906,48.400001525878906,50.400001525878906,1385
2018-08-13,50.20000076293945,51.400001525878906,48.41999816894531,51.0,1000
2018-08-14,49.20000076293945,51.400001525878906,48.400001525878906,48.400001525878906,1560
2018-08-15,49.400001525878906,50.79999923706055,48.400001525878906,50.20000076293945,740
2018-08-16,48.79999923706055,51.0,48.599998474121094,48.599998474121094,1595
2018-08-17,48.400001525878906,50.97999954223633,48.400001525878906,49.79999923706055,1225
2018-08-20,51.79999923706055,52.20000076293945,49.20000076293945,49.79999923706055,550
2018-08-21,52.0,54.0,52.0,53.400001525878906,1805
2018-08-22,56.0,62.0,51.400001525878906,51.400001525878906,5965
2018-08-23,57.20000076293945,58.939998626708984,55.20000076293945,55.20000076293945,880
2018-08-24,56.79999923706055,61.0,54.400001525878906,60.20000076293945,2910
2018-08-27,55.20000076293945,59.79999923706055,55.20000076293945,55.20000076293945,1035
2018-08-28,56.20000076293945,58.900001525878906,56.20000076293945,58.0,845
2018-08-29,59.20000076293945,59.20000076293945,57.599998474121094,57.599998474121094,595
2018-08-30,61.20000076293945,61.97999954223633,58.400001525878906,60.0,4370
2018-08-31,58.2599983215332,62.400001525878906,58.2599983215332,62.0,420
2018-09-04,58.400001525878906,59.79999923706055,56.400001525878906,58.36000061035156,2065
2018-09-05,57.79999923706055,61.20000076293945,57.20000076293945,57.20000076293945,470
2018-09-06,60.0,60.599998474121094,57.79999923706055,59.599998474121094,1280
2018-09-07,59.400001525878906,61.97999954223633,59.20000076293945,59.599998474121094,1250
2018-09-10,59.0,59.79999923706055,58.20000076293945,58.2599983215332,555
2018-09-11,65.0,67.77999877929688,59.599998474121094,60.400001525878906,8410
2018-09-12,62.5,66.4000015258789,60.79999923706055,65.0,2055
2018-09-13,60.599998474121094,64.0,60.599998474121094,62.599998474121094,4180
2018-09-14,56.400001525878906,61.79999923706055,56.0,60.599998474121094,3050
2018-09-17,52.20000076293945,58.599998474121094,52.0,56.0,1850
2018-09-18,53.599998474121094,59.599998474121094,52.0,52.0,2835
2018-09-19,52.400001525878906,56.0,52.400001525878906,55.79999923706055,2010
2018-09-20,53.79999923706055,54.599998474121094,52.400001525878906,54.0,2625
2018-09-21,59.0,59.0,52.599998474121094,54.0,1920
2018-09-24,56.0,58.20000076293945,54.599998474121094,58.20000076293945,1080
2018-09-25,60.0,61.0,55.81999969482422,56.400001525878906,1100
2018-09-26,59.0,61.0,57.20000076293945,61.0,340
2018-09-27,59.20000076293945,60.400001525878906,58.0,60.0,285
2018-09-28,64.19999694824219,64.19999694824219,58.599998474121094,58.599998474121094,2640
2018-10-01,61.20000076293945,64.0,58.0,64.0,2535
2018-10-02,60.0,61.79999923706055,59.0,60.0,920
2018-10-03,62.599998474121094,63.0,59.0,59.400001525878906,1675
2018-10-04,61.20000076293945,62.599998474121094,60.599998474121094,62.400001525878906,780
2018-10-05,62.0,62.0,61.0,61.400001525878906,410
2018-10-08,61.29999923706055,62.70000076293945,60.20000076293945,60.400001525878906,575
2018-10-09,61.0,61.5,59.20000076293945,60.400001525878906,375
2018-10-10,60.0,62.0,60.0,61.400001525878906,480
2018-10-11,58.0,60.0,56.0,60.0,1720
2018-10-12,57.400001525878906,60.0,57.400001525878906,59.20000076293945,630
2018-10-15,59.599998474121094,60.0,56.400001525878906,60.0,860
2018-10-16,59.0,59.79999923706055,57.599998474121094,57.7599983215332,185
2018-10-17,61.599998474121094,62.0,59.400001525878906,59.400001525878906,2170
2018-10-18,66.80000305175781,68.4000015258789,62.0,64.19999694824219,8340
2018-10-19,66.4000015258789,68.0,58.0,67.80000305175781,4615
2018-10-22,66.5999984741211,71.77999877929688,66.0,69.5999984741211,6755
2018-10-23,63.0,65.4000015258789,61.779998779296875,65.4000015258789,2140
2018-10-24,68.80000305175781,70.80000305175781,64.80000305175781,65.0,4660
2018-10-25,56.20000076293945,58.0,54.599998474121094,56.0,13675
2018-10-26,52.79999923706055,56.2400016784668,52.119998931884766,56.20000076293945,4920
2018-10-29,50.599998474121094,52.400001525878906,50.0,52.400001525878906,2265
2018-10-30,51.0,51.79999923706055,49.0,50.20000076293945,1315
2018-10-31,51.79999923706055,51.79999923706055,50.599998474121094,51.0,4050
2018-11-01,56.0,56.0,51.220001220703125,52.79999923706055,3010
2018-11-02,55.400001525878906,56.459999084472656,51.20000076293945,53.0,1540
2018-11-05,55.0,57.65999984741211,54.0,54.79999923706055,3095
2018-11-06,55.0,57.0,55.0,55.0,1790
2018-11-07,54.79999923706055,56.0,54.0,54.0,1285
2018-11-08,55.599998474121094,56.0,54.79999923706055,56.0,1635
2018-11-09,55.0,55.79999923706055,52.599998474121094,55.02000045776367,1400
2018-11-12,52.79999923706055,56.0,52.0,54.0,4080
2018-11-13,51.20000076293945,53.599998474121094,49.599998474121094,52.20000076293945,1160
2018-11-14,51.20000076293945,53.400001525878906,50.79999923706055,52.0,1590
2018-11-15,51.20000076293945,53.20000076293945,49.0,50.79999923706055,1105
2018-11-16,48.0,53.15999984741211,48.0,53.15999984741211,670
2018-11-19,49.599998474121094,53.560001373291016,47.79999923706055,47.79999923706055,465
2018-11-20,46.0,52.400001525878906,45.20000076293945,49.599998474121094,3090
2018-11-21,50.0,50.060001373291016,47.79999923706055,48.0,1940
2018-11-23,50.400001525878906,51.0,46.400001525878906,50.0,1740
2018-11-26,49.0,52.0,49.0,51.79999923706055,1235
2018-11-27,47.79999923706055,49.79999923706055,47.400001525878906,49.0,455
2018-11-28,49.599998474121094,51.79999923706055,48.0,48.0,1950
2018-11-29,50.400001525878906,51.18000030517578,49.20000076293945,49.79999923706055,1225
2018-11-30,49.79999923706055,51.5,49.15999984741211,50.400001525878906,1685
2018-12-03,50.0,51.0,49.400001525878906,50.79999923706055,610
2018-12-04,50.400001525878906,51.040000915527344,49.81999969482422,50.20000076293945,425
2018-12-06,47.599998474121094,49.20000076293945,46.02000045776367,49.0,1225
2018-12-07,48.79999923706055,48.84000015258789,47.20000076293945,48.400001525878906,810
2018-12-10,46.79999923706055,48.599998474121094,46.79999923706055,48.0,1510
2018-12-11,42.599998474121094,47.79999923706055,42.20000076293945,47.79999923706055,2525
2018-12-12,43.400001525878906,49.20000076293945,42.79999923706055,49.20000076293945,710
2018-12-13,44.599998474121094,45.02000045776367,43.7400016784668,43.7400016784668,555
2018-12-14,43.0,48.0,43.0,44.20000076293945,790
2018-12-17,41.79999923706055,44.0,41.619998931884766,42.599998474121094,450
2018-12-18,39.79999923706055,43.31999969482422,39.79999923706055,43.31999969482422,920
2018-12-19,38.0,42.18000030517578,37.20000076293945,40.20000076293945,1780
2018-12-20,36.0,39.400001525878906,36.0,39.0,2180
2018-12-21,38.0,41.0,36.0,37.0,2850
2018-12-24,39.0,39.79999923706055,38.0,39.79999923706055,770
2018-12-26,34.0,38.560001373291016,34.0,37.599998474121094,2970
2018-12-27,34.0,38.380001068115234,32.400001525878906,38.20000076293945,1040
2018-12-28,33.599998474121094,36.599998474121094,30.200000762939453,33.20000076293945,2860
2018-12-31,41.0,42.79999923706055,34.0,34.0,1655
2019-01-02,47.79999923706055,47.79999923706055,42.20000076293945,42.20000076293945,1465
2019-01-03,42.65999984741211,48.0,42.20000076293945,48.0,485
2019-01-04,47.0,47.720001220703125,45.0,45.0,450
2019-01-07,47.0,47.720001220703125,46.0,46.400001525878906,350
2019-01-08,45.0,47.79999923706055,44.79999923706055,47.0,530
2019-01-09,45.20000076293945,46.79999923706055,44.79999923706055,44.79999923706055,500
2019-01-10,45.79999923706055,46.0,44.0,46.0,690
2019-01-11,42.79999923706055,46.20000076293945,42.400001525878906,45.20000076293945,645
2019-01-14,46.400001525878906,47.599998474121094,43.0,43.0,935
2019-01-15,46.79999923706055,47.79999923706055,45.0,47.0,1050
2019-01-16,47.400001525878906,49.0,46.439998626708984,47.0,1175
2019-01-17,47.7599983215332,48.599998474121094,47.0,47.79999923706055,485
2019-01-18,47.400001525878906,48.0,44.599998474121094,47.79999923706055,2070
2019-01-22,45.0,46.779998779296875,45.0,46.0,745
2019-01-23,43.400001525878906,47.97999954223633,43.20000076293945,46.20000076293945,315
2019-01-24,44.599998474121094,46.0,42.79999923706055,44.400001525878906,1200
2019-01-25,45.79999923706055,47.599998474121094,45.0,45.79999923706055,1830
2019-01-28,44.599998474121094,46.79999923706055,44.31999969482422,46.79999923706055,460
2019-01-29,46.0,46.900001525878906,45.20000076293945,45.400001525878906,670
2019-01-30,43.599998474121094,48.0,41.79999923706055,43.68000030517578,965
2019-01-31,43.400001525878906,44.20000076293945,42.619998931884766,44.20000076293945,415
2019-02-01,46.400001525878906,46.599998474121094,43.79999923706055,43.79999923706055,725
2019-02-04,46.0,46.79999923706055,45.400001525878906,46.79999923706055,785
2019-02-05,45.0,46.58000183105469,44.599998474121094,45.20000076293945,595
2019-02-06,46.0,46.599998474121094,45.599998474121094,46.08000183105469,555
2019-02-07,46.400001525878906,47.0,45.79999923706055,46.2400016784668,910
2019-02-08,45.599998474121094,47.0,45.0,45.0,905
2019-02-11,47.79999923706055,49.0,44.959999084472656,45.599998474121094,4670
2019-02-12,48.79999923706055,49.0,48.20000076293945,48.20000076293945,1530
2019-02-13,48.400001525878906,49.0,46.0,48.79999923706055,1275
2019-02-14,48.400001525878906,50.0,47.0,48.0,2140
2019-02-15,50.0,50.0,46.040000915527344,47.20000076293945,1170
2019-02-19,49.400001525878906,50.0,48.08000183105469,50.0,1440
2019-02-20,49.0,49.79999923706055,48.20000076293945,49.400001525878906,1560
2019-02-21,51.79999923706055,52.0,48.84000015258789,49.0,4065
2019-02-22,53.20000076293945,54.0,51.79999923706055,52.0,5900
2019-02-25,49.0,53.79999923706055,47.599998474121094,53.779998779296875,3775
2019-02-26,46.20000076293945,48.599998474121094,46.20000076293945,48.599998474121094,1725
2019-02-27,46.599998474121094,47.959999084472656,46.20000076293945,46.900001525878906,425
2019-02-28,46.599998474121094,47.20000076293945,46.400001525878906,46.560001373291016,425
2019-03-01,45.20000076293945,47.560001373291016,45.20000076293945,47.400001525878906,1270
2019-03-04,43.79999923706055,45.599998474121094,43.599998474121094,45.599998474121094,970
2019-03-05,42.20000076293945,44.400001525878906,42.20000076293945,43.400001525878906,970
2019-03-06,44.0,45.599998474121094,42.599998474121094,42.599998474121094,1055
2019-03-07,44.79999923706055,45.599998474121094,41.599998474121094,44.400001525878906,995
2019-03-08,97.80000305175781,109.0,44.0,44.79999923706055,315510
2019-03-11,72.19999694824219,81.80000305175781,68.0,78.0,122340
2019-03-12,69.5999984741211,72.0,66.19999694824219,66.4000015258789,19095
2019-03-13,72.80000305175781,79.80000305175781,70.19999694824219,79.80000305175781,15600
2019-03-14,64.80000305175781,71.80000305175781,58.0,71.80000305175781,39545
2019-03-15,60.400001525878906,65.4000015258789,56.79999923706055,64.4000015258789,21415
2019-03-18,56.0,60.0,55.0,60.0,20495
2019-03-19,44.599998474121094,46.0,44.20000076293945,46.0,122450
2019-03-20,45.0,45.79999923706055,44.20000076293945,45.79999923706055,30265
2019-03-21,45.0,46.0,38.0,43.599998474121094,28900
2019-03-22,45.599998474121094,46.79999923706055,44.79999923706055,45.0,20225
2019-03-25,43.20000076293945,46.0,43.20000076293945,46.0,12925
2019-03-26,45.0,45.0,43.20000076293945,44.79999923706055,5505
2019-03-27,43.0,45.0,42.400001525878906,44.599998474121094,5150
2019-03-28,44.599998474121094,45.0,42.41999816894531,43.20000076293945,7885
2019-03-29,43.79999923706055,44.79999923706055,43.0,44.79999923706055,8875
2019-04-01,44.400001525878906,44.79999923706055,43.0,44.79999923706055,5590
2019-04-02,49.0,49.20000076293945,44.599998474121094,44.599998474121094,58290
2019-04-03,56.79999923706055,56.79999923706055,47.2599983215332,48.400001525878906,46215
2019-04-04,60.79999923706055,65.0,54.18000030517578,57.400001525878906,68335
2019-04-05,49.79999923706055,50.400001525878906,47.0,48.20000076293945,85825
2019-04-08,48.79999923706055,49.900001525878906,48.20000076293945,49.0,11220
2019-04-09,46.20000076293945,49.2400016784668,46.0,48.79999923706055,10345
2019-04-10,47.20000076293945,47.400001525878906,45.0,46.400001525878906,13000
2019-04-11,45.599998474121094,47.599998474121094,45.0,47.599998474121094,8980
2019-04-12,45.599998474121094,46.099998474121094,45.0,45.79999923706055,4295
2019-04-15,45.599998474121094,45.79999923706055,45.0,45.79999923706055,9050
2019-04-16,46.0,47.400001525878906,45.0,45.79999923706055,14980
2019-04-17,44.20000076293945,47.0,43.599998474121094,46.599998474121094,10055
2019-04-18,45.20000076293945,46.400001525878906,44.20000076293945,44.400001525878906,8650
2019-04-22,46.599998474121094,47.0,45.20000076293945,45.20000076293945,7335
2019-04-23,47.20000076293945,47.599998474121094,45.599998474121094,46.79999923706055,19645
2019-04-24,46.0,47.36000061035156,46.0,47.20000076293945,3085
2019-04-25,45.400001525878906,46.20000076293945,44.0,46.20000076293945,5060
2019-04-26,43.79999923706055,45.599998474121094,43.0,45.20000076293945,4955
2019-04-29,45.20000076293945,45.900001525878906,44.0,44.0,2415
2019-04-30,44.400001525878906,45.91999816894531,43.900001525878906,45.79999923706055,1595
2019-05-01,44.79999923706055,45.0,43.599998474121094,44.599998474121094,2830
2019-05-02,48.79999923706055,50.0,43.79999923706055,44.599998474121094,19925
2019-05-03,48.400001525878906,49.400001525878906,46.400001525878906,49.20000076293945,7730
2019-05-06,46.79999923706055,48.0,46.7400016784668,48.0,1880
2019-05-07,46.0,47.20000076293945,45.599998474121094,46.20000076293945,2170
2019-05-08,45.599998474121094,47.599998474121094,45.0,47.599998474121094,1865
2019-05-09,45.20000076293945,45.2599983215332,44.400001525878906,45.2599983215332,1580
2019-05-10,44.0,44.79999923706055,43.20000076293945,44.79999923706055,4700
2019-05-13,42.20000076293945,43.400001525878906,41.400001525878906,43.0,4920
2019-05-14,41.599998474121094,44.0,41.0,41.65999984741211,6885
2019-05-15,41.79999923706055,43.0,41.0,42.279998779296875,3560
2019-05-16,42.0,42.599998474121094,41.400001525878906,41.400001525878906,1920
2019-05-17,42.459999084472656,42.79999923706055,42.0,42.0,395
2019-05-20,44.400001525878906,45.400001525878906,42.400001525878906,42.900001525878906,3475
2019-05-21,44.0,45.0,43.599998474121094,45.0,1600
2019-05-22,44.400001525878906,45.400001525878906,44.0,45.400001525878906,3750
2019-05-23,42.400001525878906,44.400001525878906,41.5,44.400001525878906,2035
2019-05-24,42.79999923706055,44.119998931884766,42.599998474121094,43.400001525878906,1110
2019-05-28,43.79999923706055,44.0,42.599998474121094,43.0,1550
2019-05-29,43.20000076293945,44.0,42.599998474121094,43.599998474121094,1465
2019-05-30,44.599998474121094,44.599998474121094,43.20000076293945,43.20000076293945,2085
2019-05-31,43.20000076293945,44.400001525878906,42.400001525878906,44.400001525878906,1450
2019-06-03,43.79999923706055,45.0,43.0,43.599998474121094,6915
2019-06-04,43.400001525878906,44.599998474121094,43.0,43.79999923706055,1960
2019-06-05,43.400001525878906,44.79999923706055,43.0,44.79999923706055,2525
2019-06-06,43.0,44.58000183105469,42.599998474121094,44.0,2885
2019-06-07,43.79999923706055,44.13999938964844,43.0,43.0,2325
2019-06-10,44.20000076293945,45.0,43.0,43.79999923706055,2565
2019-06-11,40.0,45.0,39.20000076293945,45.0,26185
2019-06-12,39.20000076293945,40.79999923706055,39.0,40.0,6630
2019-06-13,42.400001525878906,42.86000061035156,40.599998474121094,42.0,5905
2019-06-14,41.79999923706055,42.459999084472656,41.79999923706055,42.400001525878906,1075
2019-06-17,42.400001525878906,43.0,41.79999923706055,41.79999923706055,2270
2019-06-18,44.79999923706055,44.79999923706055,42.0,42.0,8500
2019-06-19,62.400001525878906,63.20000076293945,44.20000076293945,45.0,65240
2019-06-20,64.19999694824219,64.19999694824219,52.0,55.79999923706055,54610
2019-06-21,62.0,69.19999694824219,57.400001525878906,64.19999694824219,35005
2019-06-24,63.400001525878906,65.80000305175781,60.0,65.4000015258789,25050
2019-06-25,61.0,63.0,59.20000076293945,63.0,10275
2019-06-26,60.0,62.20000076293945,60.0,61.20000076293945,9830
2019-06-27,56.79999923706055,60.70000076293945,55.599998474121094,60.0,9600
2019-06-28,61.400001525878906,61.400001525878906,57.400001525878906,59.0,7515
2019-07-01,61.599998474121094,63.79999923706055,61.0,62.400001525878906,7310
2019-07-02,61.599998474121094,64.19999694824219,60.02000045776367,64.19999694824219,3050
2019-07-03,69.5999984741211,71.5999984741211,61.20000076293945,62.0,23700
2019-07-05,61.400001525878906,71.80000305175781,60.20000076293945,71.80000305175781,26535
2019-07-08,63.79999923706055,64.0,61.0,62.599998474121094,7590
2019-07-09,63.0,70.55999755859375,62.599998474121094,63.79999923706055,16630
2019-07-10,63.400001525878906,65.4000015258789,61.0,61.0,4015
2019-07-11,66.5999984741211,68.80000305175781,63.20000076293945,63.400001525878906,7685
2019-07-12,69.5999984741211,71.19999694824219,66.5999984741211,66.5999984741211,16225
2019-07-15,78.5999984741211,79.4000015258789,69.4000015258789,71.0,23595
2019-07-16,75.19999694824219,81.5999984741211,74.19999694824219,79.80000305175781,22350
2019-07-17,70.4000015258789,75.19999694824219,69.80000305175781,74.19999694824219,9420
2019-07-18,70.80000305175781,72.80000305175781,69.0,69.80000305175781,5180
2019-07-19,72.19999694824219,74.9800033569336,70.80000305175781,70.80000305175781,5940
2019-07-22,65.4000015258789,72.0,63.599998474121094,72.0,12535
2019-07-23,68.19999694824219,71.5999984741211,67.80000305175781,69.80000305175781,4105
2019-07-24,68.4000015258789,71.0,66.19999694824219,68.0,4775
2019-07-25,68.5999984741211,71.4000015258789,67.0,67.0,3835
2019-07-26,65.80000305175781,69.44000244140625,60.400001525878906,69.19999694824219,15355
2019-07-29,67.19999694824219,68.4000015258789,65.4000015258789,68.4000015258789,1960
2019-07-30,67.19999694824219,70.4000015258789,66.9000015258789,67.4000015258789,4130
2019-07-31,67.19999694824219,70.5999984741211,66.4000015258789,67.4000015258789,12035
2019-08-01,60.0,68.5999984741211,60.0,68.5999984741211,21110
2019-08-02,66.0,66.4000015258789,59.79999923706055,62.0,8350
2019-08-05,64.80000305175781,65.4000015258789,62.0,65.0,19045
2019-08-06,63.400001525878906,66.4000015258789,63.0,65.0,1125
2019-08-07,62.0,63.599998474121094,60.400001525878906,62.400001525878906,3340
2019-08-08,61.599998474121094,63.20000076293945,60.400001525878906,62.400001525878906,3825
2019-08-09,66.0,66.0,60.599998474121094,60.599998474121094,4395
2019-08-12,63.20000076293945,66.4000015258789,62.599998474121094,65.5999984741211,1625
2019-08-13,65.0,65.19999694824219,63.20000076293945,63.20000076293945,1050
2019-08-14,62.0,64.80000305175781,61.20000076293945,64.4000015258789,4000
2019-08-15,61.400001525878906,63.0,59.79999923706055,62.400001525878906,3570
2019-08-16,61.599998474121094,62.79999923706055,61.099998474121094,61.400001525878906,1415
2019-08-19,61.400001525878906,64.68000030517578,60.599998474121094,63.20000076293945,1400
2019-08-20,64.4000015258789,65.0,60.79999923706055,61.0,2260
2019-08-21,62.20000076293945,64.4000015258789,61.7400016784668,63.0,1580
2019-08-22,61.599998474121094,62.20000076293945,61.0,61.400001525878906,995
2019-08-23,60.400001525878906,62.279998779296875,60.0,61.0,3810
2019-08-26,60.599998474121094,61.2599983215332,60.0,61.0,2575
2019-08-27,58.540000915527344,63.20000076293945,55.400001525878906,60.599998474121094,10330
2019-08-28,54.79999923706055,60.099998474121094,54.400001525878906,58.79999923706055,6240
2019-08-29,56.79999923706055,59.20000076293945,50.0,53.20000076293945,8835
2019-08-30,56.400001525878906,58.0,55.20000076293945,56.20000076293945,4195
2019-09-03,54.20000076293945,56.0,53.79999923706055,55.20000076293945,4970
2019-09-04,55.599998474121094,55.599998474121094,54.20000076293945,54.79999923706055,1015
2019-09-05,55.0,56.599998474121094,54.0,55.400001525878906,2635
2019-09-06,56.400001525878906,56.79999923706055,55.20000076293945,55.20000076293945,735
2019-09-09,57.20000076293945,57.400001525878906,55.79999923706055,56.400001525878906,1415
2019-09-10,61.0,61.0,57.0,57.0,3780
2019-09-11,58.400001525878906,61.0,58.400001525878906,60.79999923706055,2480
2019-09-12,60.0,62.0,58.599998474121094,58.599998474121094,1395
2019-09-13,60.599998474121094,61.599998474121094,59.79999923706055,60.20000076293945,1250
2019-09-16,61.20000076293945,62.0,60.20000076293945,61.0,1420
2019-09-17,60.599998474121094,61.79999923706055,60.0,61.20000076293945,805
2019-09-18,59.0,61.79999923706055,54.0,61.400001525878906,10445
2019-09-19,56.20000076293945,58.20000076293945,55.20000076293945,56.79999923706055,3740
2019-09-20,55.599998474121094,55.599998474121094,52.400001525878906,55.599998474121094,12595
2019-09-23,54.20000076293945,55.599998474121094,53.400001525878906,54.20000076293945,2160
2019-09-24,53.599998474121094,54.400001525878906,52.0,54.400001525878906,4225
2019-09-25,52.400001525878906,53.599998474121094,52.0,53.400001525878906,3380
2019-09-26,50.0,55.0,50.0,52.599998474121094,5690
2019-09-27,52.599998474121094,52.599998474121094,50.79999923706055,50.79999923706055,2590
2019-09-30,50.0,52.599998474121094,50.0,52.599998474121094,5640
2019-10-01,50.0,52.0,49.0,49.0,2275
2019-10-02,50.400001525878906,51.0,49.0,50.0,2430
2019-10-03,49.599998474121094,50.939998626708984,48.400001525878906,50.20000076293945,2220
2019-10-04,50.599998474121094,50.79999923706055,49.400001525878906,50.0,1375
2019-10-07,48.79999923706055,51.599998474121094,48.79999923706055,50.599998474121094,940
2019-10-08,49.400001525878906,49.400001525878906,48.0,48.79999923706055,845
2019-10-09,46.0,49.79999923706055,45.599998474121094,49.400001525878906,3225
2019-10-10,47.599998474121094,50.18000030517578,45.20000076293945,45.20000076293945,2600
2019-10-11,47.20000076293945,50.20000076293945,46.20000076293945,47.599998474121094,2175
2019-10-14,47.400001525878906,47.79999923706055,46.41999816894531,47.20000076293945,440
2019-10-15,50.20000076293945,50.5,47.0,47.599998474121094,1705
2019-10-16,52.79999923706055,53.0,49.400001525878906,50.119998931884766,1880
2019-10-17,52.599998474121094,53.0,51.47999954223633,53.0,895
2019-10-18,52.0,52.400001525878906,50.220001220703125,50.220001220703125,725
2019-10-21,50.400001525878906,52.79999923706055,49.20000076293945,52.0,1765
2019-10-22,47.79999923706055,50.79999923706055,47.7599983215332,50.0,1825
2019-10-23,49.599998474121094,49.79999923706055,48.0,48.70000076293945,740
2019-10-24,49.0,52.58000183105469,47.79999923706055,50.20000076293945,905
2019-10-25,48.400001525878906,49.79999923706055,46.599998474121094,48.119998931884766,1670
2019-10-28,47.599998474121094,48.0,46.0,47.20000076293945,1130
2019-10-29,46.400001525878906,48.0,46.0,47.20000076293945,2080
2019-10-30,48.599998474121094,50.0,46.400001525878906,46.400001525878906,3475
2019-10-31,46.599998474121094,48.400001525878906,46.0,48.0,1625
2019-11-01,47.400001525878906,48.79999923706055,46.599998474121094,47.7599983215332,1310
2019-11-04,49.0,49.400001525878906,48.0,48.20000076293945,2715
2019-11-05,46.20000076293945,49.0,46.20000076293945,49.0,1850
2019-11-06,44.400001525878906,47.65999984741211,43.400001525878906,47.0,3085
2019-11-07,44.0,46.400001525878906,44.0,44.79999923706055,3725
2019-11-08,44.0,44.79999923706055,43.0,44.79999923706055,4305
2019-11-11,43.79999923706055,44.599998474121094,43.220001220703125,44.599998474121094,800
2019-11-12,43.0,44.2599983215332,42.900001525878906,44.0,4590
2019-11-13,42.0,43.79999923706055,41.79999923706055,43.0,2690
2019-11-14,43.20000076293945,43.20000076293945,42.400001525878906,42.79999923706055,1725
2019-11-15,42.79999923706055,43.900001525878906,42.79999923706055,42.79999923706055,1310
2019-11-18,43.0,43.79999923706055,41.81999969482422,42.599998474121094,2795
2019-11-19,41.84000015258789,43.0,41.79999923706055,42.79999923706055,2190
2019-11-20,42.0,42.79999923706055,41.79999923706055,42.20000076293945,1895
2019-11-21,40.79999923706055,41.91999816894531,40.0,41.79999923706055,5330
2019-11-22,41.20000076293945,41.599998474121094,40.400001525878906,40.400001525878906,2080
2019-11-25,40.0,41.20000076293945,38.91999816894531,40.79999923706055,6410
2019-11-26,40.79999923706055,40.79999923706055,39.400001525878906,40.599998474121094,10050
2019-11-27,43.79999923706055,43.79999923706055,41.20000076293945,41.20000076293945,5985
2019-11-29,45.29999923706055,45.560001373291016,42.0,43.79999923706055,1785
2019-12-02,45.400001525878906,45.599998474121094,41.20000076293945,43.79999923706055,7710
2019-12-03,44.20000076293945,45.79999923706055,43.599998474121094,45.79999923706055,1895
2019-12-04,44.599998474121094,45.0,44.0,44.400001525878906,1105
2019-12-05,42.79999923706055,44.20000076293945,41.79999923706055,44.20000076293945,2535
2019-12-06,44.0,44.400001525878906,42.20000076293945,42.400001525878906,3015
2019-12-09,42.0,45.0,42.0,44.0,4035
2019-12-10,42.15999984741211,43.0,41.599998474121094,42.20000076293945,2295
2019-12-11,42.0,42.79999923706055,41.400001525878906,42.20000076293945,2630
2019-12-12,40.400001525878906,42.0,40.0,42.0,6555
2019-12-13,40.599998474121094,41.0,40.0,40.400001525878906,3160
2019-12-16,40.79999923706055,40.79999923706055,40.279998779296875,40.79999923706055,1840
2019-12-17,40.599998474121094,41.0,40.20000076293945,40.20000076293945,1180
2019-12-18,40.20000076293945,40.400001525878906,40.0,40.20000076293945,2865
2019-12-19,40.0,40.79999923706055,40.0,40.0,2505
2019-12-20,40.599998474121094,40.79999923706055,40.0,40.0,1570
2019-12-23,41.599998474121094,41.79999923706055,40.0,40.400001525878906,3080
2019-12-24,42.599998474121094,42.79999923706055,41.599998474121094,41.599998474121094,1250
2019-12-26,40.79999923706055,42.599998474121094,40.79999923706055,42.599998474121094,2325
2019-12-27,40.20000076293945,41.0,40.0,41.0,4370
2019-12-30,40.599998474121094,41.0,40.20000076293945,40.20000076293945,1920
2019-12-31,43.400001525878906,44.0,40.599998474121094,40.599998474121094,6625
2020-01-02,49.400001525878906,50.599998474121094,43.599998474121094,44.0,16625
2020-01-03,48.20000076293945,52.79999923706055,46.0,52.79999923706055,4075
2020-01-06,48.400001525878906,49.599998474121094,46.0,49.400001525878906,2525
2020-01-07,49.7400016784668,49.79999923706055,47.599998474121094,49.599998474121094,1830
2020-01-08,50.400001525878906,50.400001525878906,49.0,49.79999923706055,3600
2020-01-09,49.5,50.400001525878906,49.0,49.79999923706055,2015
2020-01-10,47.720001220703125,50.15999984741211,47.400001525878906,50.0,925
2020-01-13,49.20000076293945,52.0,47.0,50.79999923706055,2515
2020-01-14,53.20000076293945,55.20000076293945,50.0,50.0,11075
2020-01-15,48.20000076293945,51.400001525878906,47.0,50.0,11750
2020-01-16,48.599998474121094,49.599998474121094,48.20000076293945,48.400001525878906,1385
2020-01-17,44.900001525878906,49.20000076293945,44.599998474121094,49.20000076293945,7690
2020-01-21,43.400001525878906,46.0,42.599998474121094,44.0,4245
2020-01-22,44.0,45.0,42.0,42.79999923706055,5245
2020-01-23,45.79999923706055,46.0,43.900001525878906,44.0,2210
2020-01-24,44.0,47.79999923706055,43.0,44.20000076293945,2650
2020-01-27,40.79999923706055,44.0,40.400001525878906,44.0,5415
2020-01-28,41.79999923706055,42.70000076293945,34.099998474121094,40.400001525878906,14465
2020-01-29,42.099998474121094,43.0,41.79999923706055,42.599998474121094,3410
2020-01-30,40.79999923706055,41.79999923706055,39.20000076293945,41.79999923706055,4695
2020-01-31,40.79999923706055,41.400001525878906,40.0,40.400001525878906,2425
2020-02-03,40.0,40.599998474121094,39.599998474121094,39.599998474121094,2825
2020-02-04,41.0,42.0,39.79999923706055,39.79999923706055,3125
2020-02-05,42.0,42.400001525878906,40.380001068115234,40.400001525878906,1290
2020-02-06,42.0,42.2599983215332,41.20000076293945,41.79999923706055,1115
2020-02-07,38.79999923706055,42.79999923706055,38.0,42.79999923706055,13080
2020-02-10,34.400001525878906,38.79999923706055,34.20000076293945,38.79999923706055,15645
2020-02-11,30.399999618530273,35.400001525878906,30.399999618530273,33.599998474121094,77440
2020-02-12,34.0,37.0,30.34000015258789,31.0,34305
2020-02-13,35.20000076293945,35.779998779296875,32.400001525878906,34.400001525878906,6470
2020-02-14,33.0,37.380001068115234,33.0,36.0,6470
2020-02-18,37.400001525878906,39.599998474121094,35.20000076293945,35.20000076293945,14740
2020-02-19,36.0,41.0,35.400001525878906,41.0,13545
2020-02-20,34.400001525878906,35.880001068115234,34.0,34.79999923706055,7605
2020-02-21,36.20000076293945,36.20000076293945,34.29999923706055,34.400001525878906,8235
2020-02-24,39.20000076293945,39.400001525878906,36.20000076293945,36.20000076293945,9655
2020-02-25,40.599998474121094,42.400001525878906,39.20000076293945,40.0,12150
2020-02-26,37.0,41.599998474121094,36.400001525878906,41.599998474121094,6955
2020-02-27,35.599998474121094,36.400001525878906,34.0,36.400001525878906,6485
2020-02-28,35.20000076293945,35.79999923706055,34.0,34.599998474121094,3870
2020-03-02,45.20000076293945,48.599998474121094,38.0,40.20000076293945,54920
2020-03-03,44.400001525878906,48.0,42.400001525878906,46.0,11985
2020-03-04,44.599998474121094,46.0,42.0,46.0,4815
2020-03-05,46.0,47.400001525878906,43.0,43.599998474121094,9070
2020-03-06,43.20000076293945,45.7599983215332,42.79999923706055,45.599998474121094,3275
2020-03-09,38.20000076293945,41.20000076293945,37.20000076293945,38.79999923706055,5370
2020-03-10,40.599998474121094,40.599998474121094,38.400001525878906,38.599998474121094,1845
2020-03-11,37.0,40.20000076293945,36.599998474121094,40.0,4885
2020-03-12,37.599998474121094,38.599998474121094,34.400001525878906,35.79999923706055,8955
2020-03-13,37.0,38.0,35.400001525878906,38.0,5800
2020-03-16,34.79999923706055,37.0,33.20000076293945,34.0,7060
2020-03-17,34.79999923706055,35.599998474121094,34.0,34.400001525878906,4150
2020-03-18,35.79999923706055,36.79999923706055,31.799999237060547,34.20000076293945,6680
2020-03-19,36.31999969482422,37.400001525878906,34.5,35.599998474121094,2835
2020-03-20,35.0,36.63999938964844,33.79999923706055,36.400001525878906,4135
2020-03-23,33.79999923706055,35.20000076293945,32.0,33.599998474121094,5510
2020-03-24,35.20000076293945,35.20000076293945,33.79999923706055,34.400001525878906,4565
2020-03-25,36.20000076293945,36.2400016784668,34.0,35.599998474121094,2605
2020-03-26,36.599998474121094,37.20000076293945,35.81999969482422,36.0,1680
2020-03-27,36.720001220703125,36.79999923706055,34.47999954223633,35.599998474121094,2340
2020-03-30,33.79999923706055,36.0,33.599998474121094,35.79999923706055,4560
2020-03-31,32.599998474121094,35.599998474121094,32.599998474121094,34.400001525878906,4365
2020-04-01,33.0,34.400001525878906,32.0,32.79999923706055,2625
2020-04-02,33.0,34.20000076293945,32.20000076293945,33.20000076293945,2650
2020-04-03,33.79999923706055,34.0,32.599998474121094,32.599998474121094,900
2020-04-06,34.0,35.599998474121094,33.58000183105469,33.79999923706055,2290
2020-04-07,33.400001525878906,34.79999923706055,33.400001525878906,34.0,2470
2020-04-08,34.20000076293945,34.79999923706055,33.20000076293945,34.20000076293945,2120
2020-04-09,34.79999923706055,35.79999923706055,34.0,34.0,2060
2020-04-13,35.0,35.79999923706055,34.20000076293945,34.400001525878906,1875
2020-04-14,35.599998474121094,37.599998474121094,35.599998474121094,35.599998474121094,3880
2020-04-15,35.79999923706055,36.0,33.79999923706055,35.599998474121094,3850
2020-04-16,35.0,38.0,34.7400016784668,36.0,3715
2020-04-17,35.79999923706055,37.599998474121094,34.599998474121094,35.79999923706055,2040
2020-04-20,35.0,36.400001525878906,34.400001525878906,34.400001525878906,2455
2020-04-21,34.400001525878906,35.599998474121094,34.20000076293945,34.20000076293945,1625
2020-04-22,33.20000076293945,36.0,33.20000076293945,34.79999923706055,1820
2020-04-23,34.0,34.79999923706055,33.400001525878906,33.599998474121094,3385
2020-04-24,35.20000076293945,37.79999923706055,34.20000076293945,34.400001525878906,8020
2020-04-27,33.15999984741211,36.599998474121094,32.599998474121094,35.599998474121094,12860
2020-04-28,34.0,34.400001525878906,32.31999969482422,32.79999923706055,3450
2020-04-29,35.400001525878906,36.20000076293945,33.79999923706055,34.0,3430
2020-04-30,35.400001525878906,36.0,34.400001525878906,35.400001525878906,1115
2020-05-01,34.400001525878906,35.599998474121094,34.20000076293945,34.20000076293945,4110
2020-05-04,35.0,35.599998474121094,34.0,35.599998474121094,1410
2020-05-05,36.68000030517578,37.36000061035156,34.79999923706055,34.79999923706055,3485
2020-05-06,40.599998474121094,45.0,36.20000076293945,36.79999923706055,17500
2020-05-07,43.0,44.79999923706055,41.400001525878906,41.400001525878906,11320
2020-05-08,40.599998474121094,44.400001525878906,40.20000076293945,43.79999923706055,7410
2020-05-11,45.20000076293945,47.79999923706055,39.20000076293945,39.20000076293945,11955
2020-05-12,46.20000076293945,47.79999923706055,44.0,45.599998474121094,3645
2020-05-13,46.20000076293945,48.79999923706055,45.599998474121094,47.400001525878906,4345
2020-05-14,46.400001525878906,46.599998474121094,43.400001525878906,46.0,3940
2020-05-15,48.400001525878906,48.599998474121094,44.79999923706055,48.20000076293945,6455
2020-05-18,43.79999923706055,48.79999923706055,43.400001525878906,48.400001525878906,5810
2020-05-19,47.599998474121094,48.79999923706055,44.79999923706055,45.0,5710
2020-05-20,49.0,50.599998474121094,46.599998474121094,46.599998474121094,4575
2020-05-21,51.0,54.400001525878906,48.20000076293945,49.0,10710
2020-05-22,54.0,56.0,51.20000076293945,51.20000076293945,7620
2020-05-26,58.20000076293945,60.0,54.0,56.0,9045
2020-05-27,57.599998474121094,60.0,56.79999923706055,57.20000076293945,5755
2020-05-28,54.400001525878906,57.880001068115234,54.400001525878906,57.880001068115234,3450
2020-05-29,54.20000076293945,55.20000076293945,52.400001525878906,54.400001525878906,2685
2020-06-01,56.0,56.400001525878906,53.79999923706055,54.0,1865
2020-06-02,54.400001525878906,60.0,54.0,56.79999923706055,5690
2020-06-03,55.400001525878906,57.0,55.20000076293945,57.0,2195
2020-06-04,55.599998474121094,57.0,55.0,55.599998474121094,2170
2020-06-05,52.599998474121094,56.29999923706055,52.400001525878906,55.79999923706055,6045
2020-06-08,54.20000076293945,55.0,52.599998474121094,52.599998474121094,2400
2020-06-09,52.400001525878906,54.400001525878906,52.0,54.0,3185
2020-06-10,52.599998474121094,53.599998474121094,50.599998474121094,53.0,1690
2020-06-11,46.400001525878906,53.0,45.20000076293945,51.599998474121094,9125
2020-06-12,49.79999923706055,50.79999923706055,47.400001525878906,49.400001525878906,2815
2020-06-15,52.599998474121094,53.79999923706055,48.20000076293945,49.0,4325
2020-06-16,53.400001525878906,54.599998474121094,51.599998474121094,54.0,2975
2020-06-17,55.599998474121094,55.599998474121094,53.599998474121094,53.599998474121094,2540
2020-06-18,59.599998474121094,62.79999923706055,52.400001525878906,56.0,13425
2020-06-19,60.79999923706055,63.20000076293945,59.79999923706055,60.79999923706055,10130
2020-06-22,62.400001525878906,62.400001525878906,59.52000045776367,60.79999923706055,25010
2020-06-23,68.0,69.0,64.19999694824219,66.80000305175781,32730
2020-06-24,62.400001525878906,68.86000061035156,62.400001525878906,65.19999694824219,10235
2020-06-25,64.0,67.80000305175781,62.400001525878906,62.400001525878906,5330
2020-06-26,66.19999694824219,66.19999694824219,62.599998474121094,64.0,3500
2020-06-29,64.0,66.19999694824219,63.599998474121094,66.0,3375
2020-06-30,64.4000015258789,66.80000305175781,64.19999694824219,66.4000015258789,4845
2020-07-01,62.20000076293945,65.5999984741211,59.79999923706055,64.5999984741211,9760
2020-07-02,62.0,62.900001525878906,60.41999816894531,62.400001525878906,3685
2020-07-06,64.19999694824219,64.19999694824219,61.400001525878906,62.0,2710
2020-07-07,64.80000305175781,69.0,62.599998474121094,64.80000305175781,10980
2020-07-08,68.19999694824219,68.19999694824219,61.0,65.19999694824219,5405
2020-07-09,69.4000015258789,69.80000305175781,66.80000305175781,69.4000015258789,8650
2020-07-10,69.5999984741211,70.0,68.4000015258789,70.0,4360
2020-07-13,77.5999984741211,78.0,69.91999816894531,70.0,20395
2020-07-14,87.19999694824219,90.0,77.19999694824219,77.4000015258789,43115
2020-07-15,77.19999694824219,90.9800033569336,73.0,90.19999694824219,25710
2020-07-16,72.19999694824219,80.41999816894531,70.80000305175781,77.19999694824219,8940
2020-07-17,82.4000015258789,85.5999984741211,72.19999694824219,73.5999984741211,13370
2020-07-20,86.19999694824219,89.0,82.19999694824219,84.19999694824219,11535
2020-07-21,83.19999694824219,86.69999694824219,75.5999984741211,85.80000305175781,13780
2020-07-22,82.4000015258789,83.19999694824219,78.0,81.4000015258789,4780
2020-07-23,84.19999694824219,87.9800033569336,80.4000015258789,82.4000015258789,6790
2020-07-24,75.19999694824219,83.0,75.19999694824219,83.0,12680
2020-07-27,74.19999694824219,77.5999984741211,73.0,76.0,5495
2020-07-28,69.4000015258789,75.4000015258789,69.0,73.0,9455
2020-07-29,69.4000015258789,70.80000305175781,64.80000305175781,69.80000305175781,7995
2020-07-30,69.0,71.08000183105469,67.5999984741211,68.0,3455
2020-07-31,61.0,70.5999984741211,61.0,69.4000015258789,11885
2020-08-03,65.4000015258789,68.80000305175781,62.0,62.0,6995
2020-08-04,69.4000015258789,69.77999877929688,64.0,64.0,4140
2020-08-05,63.400001525878906,71.0,61.79999923706055,70.0,10075
2020-08-06,61.20000076293945,65.81999969482422,61.20000076293945,62.79999923706055,7720
2020-08-07,50.20000076293945,50.79999923706055,47.900001525878906,48.20000076293945,174805
2020-08-10,50.20000076293945,50.599998474121094,48.20000076293945,50.599998474121094,32775
2020-08-11,50.20000076293945,50.599998474121094,48.400001525878906,50.0,27695
2020-08-12,49.79999923706055,51.599998474121094,49.599998474121094,51.0,38460
2020-08-13,50.20000076293945,50.599998474121094,48.0,50.599998474121094,23090
2020-08-14,51.0,52.20000076293945,49.79999923706055,52.0,51020
2020-08-17,54.20000076293945,54.79999923706055,50.79999923706055,52.20000076293945,100385
2020-08-18,60.0,62.0,55.5,56.20000076293945,154380
2020-08-19,58.400001525878906,60.599998474121094,57.0,60.599998474121094,47450
2020-08-20,59.0,61.599998474121094,57.599998474121094,60.0,47065
2020-08-21,59.599998474121094,60.0,58.0,59.599998474121094,31500
2020-08-24,57.0,61.400001525878906,55.599998474121094,60.0,55650
2020-08-25,56.79999923706055,59.0,55.20000076293945,59.0,21125
2020-08-26,59.400001525878906,60.400001525878906,56.79999923706055,57.0,42370
2020-08-27,58.20000076293945,59.599998474121094,57.599998474121094,59.599998474121094,18350
2020-08-28,57.599998474121094,59.0,57.20000076293945,58.400001525878906,18900
2020-08-31,57.0,58.599998474121094,56.0,58.0,26770
2020-09-01,56.0,57.0,55.20000076293945,56.79999923706055,23215
2020-09-02,58.20000076293945,58.400001525878906,56.20000076293945,57.79999923706055,49735
2020-09-03,58.0,60.0,57.0,59.0,28965
2020-09-04,59.79999923706055,60.0,55.29999923706055,58.400001525878906,35755
2020-09-08,73.4000015258789,74.0,60.099998474121094,60.099998474121094,153100
2020-09-09,78.0,79.4000015258789,70.5999984741211,73.80000305175781,94095
2020-09-10,73.0,81.0,68.4000015258789,79.19999694824219,88920
2020-09-11,73.80000305175781,75.4000015258789,70.0,72.5999984741211,23840
2020-09-14,83.80000305175781,83.80000305175781,75.5999984741211,76.5999984741211,74875
2020-09-15,83.19999694824219,85.80000305175781,78.19999694824219,83.80000305175781,38980
2020-09-16,83.19999694824219,88.30000305175781,80.80000305175781,84.0,49605
2020-09-17,90.0,92.58000183105469,80.4000015258789,83.19999694824219,90115
2020-09-18,103.19999694824219,105.0,90.0,91.0,177070
2020-09-21,97.0,102.19999694824219,92.19999694824219,101.5999984741211,110605
2020-09-22,93.4000015258789,99.5,89.19999694824219,98.4000015258789,74620
2020-09-23,80.80000305175781,93.0,80.4000015258789,92.0,73545
2020-09-24,85.0,91.0,77.5999984741211,80.80000305175781,73895
2020-09-25,93.0,95.4000015258789,86.4000015258789,89.0,61835
2020-09-28,95.19999694824219,96.19999694824219,88.69999694824219,94.0,64355
2020-09-29,91.0,94.0,88.80000305175781,94.0,38110
2020-09-30,89.5999984741211,91.9000015258789,87.0,91.0,27600
2020-10-01,82.80000305175781,89.0,80.80000305175781,89.0,64650
2020-10-02,85.80000305175781,88.5999984741211,79.19999694824219,80.0,37880
2020-10-05,89.0,90.5999984741211,87.0,87.4000015258789,26995
2020-10-06,85.5999984741211,90.4000015258789,84.0,88.80000305175781,25285
2020-10-07,88.80000305175781,90.19999694824219,84.4000015258789,86.0,35645
2020-10-08,100.0,101.5999984741211,90.0,90.80000305175781,81235
2020-10-09,92.5999984741211,99.80000305175781,91.5999984741211,99.80000305175781,59490
2020-10-12,91.0,93.5999984741211,87.80000305175781,92.9000015258789,38630
2020-10-13,90.80000305175781,92.0,88.19999694824219,91.0,23525
2020-10-14,91.5999984741211,93.9800033569336,89.19999694824219,92.4000015258789,23310
2020-10-15,87.4000015258789,89.0,85.0,88.80000305175781,30240
2020-10-16,88.19999694824219,89.19999694824219,85.4000015258789,89.19999694824219,19115
2020-10-19,87.5999984741211,90.4000015258789,86.33999633789062,90.4000015258789,14650
2020-10-20,82.80000305175781,89.5999984741211,80.4000015258789,88.0,30210
2020-10-21,80.0,83.0,79.19999694824219,82.0,20910
2020-10-22,80.0,81.87999725341797,76.19999694824219,81.0,30785
2020-10-23,85.5999984741211,85.5999984741211,78.80000305175781,80.4000015258789,23305
2020-10-26,78.5999984741211,84.0,76.5999984741211,81.4000015258789,32940
2020-10-27,80.19999694824219,80.54000091552734,78.19999694824219,78.19999694824219,8595
2020-10-28,79.80000305175781,80.5999984741211,74.5999984741211,77.4000015258789,19695
2020-10-29,79.0,80.4000015258789,76.80000305175781,79.4000015258789,12400
2020-10-30,76.0,80.0,74.4000015258789,79.5999984741211,19065
2020-11-02,71.19999694824219,78.36000061035156,70.4000015258789,76.0,30870
2020-11-03,78.4000015258789,82.5999984741211,72.0,72.0,37150
2020-11-04,78.4000015258789,81.0,77.0,79.4000015258789,38295
2020-11-05,82.4000015258789,84.80000305175781,79.19999694824219,82.4000015258789,44770
2020-11-06,79.19999694824219,82.19999694824219,78.19999694824219,82.19999694824219,24090
2020-11-09,87.0,87.5999984741211,79.19999694824219,83.0,74870
2020-11-10,81.5999984741211,87.4000015258789,76.16000366210938,87.0,69405
2020-11-11,80.0,83.0999984741211,78.4000015258789,82.80000305175781,27295
2020-11-12,81.19999694824219,81.19999694824219,74.4000015258789,80.5999984741211,67195
2020-11-13,79.0,80.5999984741211,78.0,80.0,21005
2020-11-16,79.4000015258789,82.80000305175781,76.4000015258789,79.5999984741211,70050
2020-11-17,78.80000305175781,80.5999984741211,72.19999694824219,79.0,110415
2020-11-18,75.0,79.4000015258789,74.0,78.4000015258789,56140
2020-11-19,77.19999694824219,80.5999984741211,74.5999984741211,77.19999694824219,60375
2020-11-20,77.19999694824219,77.5999984741211,74.19999694824219,77.19999694824219,30770
2020-11-23,79.19999694824219,81.4000015258789,75.80000305175781,76.5999984741211,33045
2020-11-24,79.5999984741211,80.80000305175781,77.5999984741211,80.4000015258789,19850
2020-11-25,83.19999694824219,84.0,78.80000305175781,79.5999984741211,80575
2020-11-27,83.19999694824219,88.4000015258789,80.5999984741211,85.80000305175781,54505
2020-11-30,116.0,128.8000030517578,90.19999694824219,94.19999694824219,1566315
2020-12-01,115.0,117.0,101.0,108.0,179050
2020-12-02,113.80000305175781,117.80000305175781,104.5999984741211,109.0,74120
2020-12-03,126.0,133.6199951171875,112.4000015258789,116.5999984741211,147950
2020-12-04,161.1999969482422,171.60000610351562,128.8000030517578,131.60000610351562,657625
2020-12-07,192.39999389648438,228.0,162.0,165.0,887780
2020-12-08,183.1999969482422,194.22000122070312,175.1999969482422,193.67999267578125,251300
2020-12-09,173.39999389648438,209.8000030517578,167.0,180.39999389648438,328940
2020-12-10,140.0,149.1999969482422,134.3000030517578,139.60000610351562,835350
2020-12-11,144.8000030517578,159.0,141.0,148.5,407520
2020-12-14,148.0,154.0,144.8000030517578,151.16000366210938,182515
2020-12-15,142.1999969482422,151.39999389648438,137.0,148.8000030517578,172625
2020-12-16,142.60000610351562,146.0,137.39999389648438,142.60000610351562,108900
2020-12-17,157.1999969482422,163.0,143.60000610351562,143.60000610351562,279285
2020-12-18,161.8000030517578,166.0,150.60000610351562,157.60000610351562,226715
2020-12-21,187.39999389648438,188.8000030517578,157.60000610351562,159.60000610351562,285460
2020-12-22,194.8000030517578,205.39999389648438,170.0,196.1999969482422,319270
2020-12-23,204.1999969482422,205.8000030517578,186.8000030517578,190.60000610351562,193985
2020-12-24,187.8000030517578,204.89999389648438,186.8000030517578,204.8000030517578,121090
2020-12-28,185.8000030517578,195.77999877929688,177.39999389648438,190.0800018310547,178695
2020-12-29,187.8000030517578,190.8000030517578,163.8000030517578,185.0,136315
2020-12-30,183.0,199.60000610351562,183.0,187.3800048828125,114325
2020-12-31,175.1999969482422,185.39999389648438,170.60000610351562,183.60000610351562,91020
2021-01-04,175.1999969482422,183.0,172.3000030517578,177.39999389648438,94230
2021-01-05,172.0,176.1999969482422,162.0,170.0,91055
2021-01-06,168.0,182.60000610351562,166.60000610351562,167.60000610351562,118550
2021-01-07,200.39999389648438,202.16000366210938,172.1999969482422,173.8000030517578,265935
2021-01-08,186.8000030517578,218.39999389648438,181.0,197.0800018310547,181160
2021-01-11,181.1999969482422,191.60000610351562,176.39999389648438,186.0,87870
2021-01-12,192.10000610351562,193.0,180.0,183.0,91375
2021-01-13,206.8000030517578,213.60000610351562,188.0,192.0,179625
2021-01-14,227.1999969482422,246.8000030517578,210.39999389648438,215.60000610351562,249705
2021-01-15,220.0,236.8000030517578,208.60000610351562,228.6999969482422,141200
2021-01-19,209.60000610351562,227.1999969482422,206.60000610351562,223.5399932861328,117285
2021-01-20,230.60000610351562,234.0,208.1999969482422,212.5,169890
2021-01-21,219.0,233.60000610351562,213.8000030517578,227.94000244140625,129800
2021-01-22,241.39999389648438,244.0,219.39999389648438,220.1999969482422,116295
2021-01-25,244.0,266.3999938964844,230.0,250.60000610351562,192485
2021-01-26,237.0,247.39999389648438,230.1999969482422,243.60000610351562,109000
2021-01-27,214.8000030517578,243.0,212.0,219.3000030517578,135775
2021-01-28,202.8000030517578,223.72000122070312,194.60000610351562,215.0,145625
2021-01-29,199.39999389648438,213.0,195.39999389648438,201.39999389648438,112305
2021-02-01,206.60000610351562,208.0,189.60000610351562,204.1999969482422,132725
2021-02-02,226.39999389648438,234.1999969482422,205.0,206.60000610351562,199210
2021-02-03,214.60000610351562,231.60000610351562,210.60000610351562,231.39999389648438,188175
2021-02-04,186.39999389648438,196.3000030517578,184.1999969482422,190.0,876630
2021-02-05,191.60000610351562,194.8000030517578,185.0,193.39999389648438,331400
2021-02-08,191.8000030517578,197.0,187.0,195.60000610351562,289305
2021-02-09,190.5,205.8000030517578,189.8000030517578,194.39999389648438,273405
2021-02-10,187.60000610351562,196.39999389648438,177.60000610351562,195.0,363520
2021-02-11,182.1999969482422,188.0,174.0,187.8000030517578,239120
2021-02-12,185.0,188.60000610351562,176.1999969482422,180.0,184835
2021-02-16,174.8000030517578,186.9600067138672,174.10000610351562,186.0,237260
2021-02-17,171.1999969482422,175.8000030517578,158.1999969482422,172.39999389648438,262410
2021-02-18,158.8000030517578,166.0,157.8000030517578,164.0,166695
2021-02-19,165.60000610351562,169.60000610351562,160.39999389648438,161.0,122885
2021-02-22,161.1999969482422,167.0,158.39999389648438,159.8000030517578,125270
2021-02-23,147.39999389648438,148.60000610351562,127.0,141.5,235245
2021-02-24,154.8000030517578,157.8000030517578,143.39999389648438,148.39999389648438,89165
2021-02-25,143.60000610351562,157.60000610351562,139.0,152.8000030517578,119705
2021-02-26,141.8000030517578,148.0,134.0,140.8000030517578,123160
2021-03-01,145.39999389648438,152.60000610351562,142.8000030517578,147.39999389648438,89560
2021-03-02,147.8000030517578,154.8000030517578,143.39999389648438,145.39999389648438,121040
2021-03-03,130.1999969482422,148.8000030517578,128.1999969482422,147.8000030517578,141305
2021-03-04,121.80000305175781,135.0,115.19999694824219,130.0,198150
2021-03-05,127.9000015258789,129.1999969482422,105.19999694824219,122.0,476010
2021-03-08,127.5,136.39999389648438,125.80000305175781,130.6999969482422,117475
2021-03-09,139.60000610351562,144.0,130.0,132.60000610351562,161325
2021-03-10,134.39999389648438,139.39999389648438,126.19999694824219,137.60000610351562,169650
2021-03-11,140.8000030517578,143.39999389648438,136.3000030517578,138.0,99810
2021-03-12,150.1999969482422,150.60000610351562,135.39999389648438,136.39999389648438,110050
2021-03-15,153.1999969482422,157.8000030517578,148.1999969482422,152.05999755859375,107840
2021-03-16,145.39999389648438,162.0,145.1999969482422,156.10000610351562,124250
2021-03-17,157.39999389648438,162.8000030517578,138.60000610351562,139.1999969482422,116510
2021-03-18,145.60000610351562,156.39999389648438,143.8000030517578,154.1999969482422,84340
2021-03-19,153.1999969482422,153.60000610351562,145.1999969482422,146.0,140620
2021-03-22,151.39999389648438,155.60000610351562,146.60000610351562,151.8000030517578,54635
2021-03-23,153.60000610351562,162.60000610351562,144.60000610351562,150.8000030517578,340630
2021-03-24,125.80000305175781,151.8000030517578,124.0999984741211,150.0,300005
2021-03-25,128.60000610351562,130.0,120.0,120.80000305175781,99000
2021-03-26,128.8000030517578,133.1999969482422,122.4000015258789,130.0,73365
2021-03-29,122.4000015258789,128.39999389648438,120.5999984741211,128.0,48460
2021-03-30,126.19999694824219,129.60000610351562,116.9000015258789,122.19999694824219,65270
2021-03-31,134.0,135.39999389648438,128.39999389648438,129.0,57280
2021-04-01,134.8000030517578,141.1999969482422,134.39999389648438,138.60000610351562,61685
2021-04-05,138.0,144.60000610351562,136.0,138.0,70115
2021-04-06,134.0,138.39999389648438,132.39999389648438,137.39999389648438,42835
2021-04-07,130.1999969482422,134.39999389648438,128.39999389648438,133.39999389648438,40740
2021-04-08,133.8000030517578,134.0,130.1999969482422,132.8000030517578,34315
2021-04-09,125.19999694824219,133.60000610351562,123.4000015258789,133.22000122070312,80975
2021-04-12,124.4000015258789,125.80000305175781,120.4000015258789,124.5999984741211,48145
2021-04-13,123.4000015258789,125.30000305175781,120.5,123.5999984741211,59890
2021-04-14,123.80000305175781,131.60000610351562,123.4000015258789,125.80000305175781,65195
2021-04-15,118.4000015258789,127.0,117.69999694824219,125.0,66850
2021-04-16,117.0,119.80000305175781,113.4000015258789,118.19999694824219,77075
2021-04-19,109.5999984741211,115.5999984741211,108.5999984741211,114.5999984741211,81565
2021-04-20,108.0,111.80000305175781,105.5999984741211,106.19999694824219,70390
2021-04-21,112.4000015258789,112.80000305175781,104.80000305175781,106.80000305175781,65770
2021-04-22,113.0,117.0,110.80000305175781,115.0,60425
2021-04-23,117.0,119.5999984741211,113.5999984741211,114.5999984741211,32190
2021-04-26,120.4000015258789,122.4000015258789,117.0,118.0,40295
2021-04-27,116.19999694824219,123.0999984741211,115.0,121.95999908447266,47735
2021-04-28,121.19999694824219,123.80000305175781,113.5999984741211,115.0,45710
2021-04-29,117.0,123.58000183105469,114.4000015258789,122.19999694824219,40825
2021-04-30,113.4000015258789,117.5999984741211,112.5999984741211,112.80000305175781,40005
2021-05-03,109.4000015258789,115.69999694824219,108.5999984741211,114.80000305175781,36730
2021-05-04,105.80000305175781,108.23999786376953,100.5999984741211,108.0,73285
2021-05-05,107.4000015258789,115.4000015258789,103.0,103.0,81445
2021-05-06,103.5999984741211,107.5,99.5999984741211,107.4000015258789,73105
2021-05-07,106.4000015258789,108.4000015258789,103.4000015258789,104.0,41455
2021-05-10,99.80000305175781,107.4000015258789,99.5999984741211,106.19999694824219,96135
2021-05-11,107.19999694824219,108.19999694824219,92.0,93.91999816894531,123265
2021-05-12,102.0,105.4000015258789,100.5999984741211,104.4000015258789,66015
2021-05-13,97.0,105.5999984741211,95.4000015258789,103.5999984741211,77335
2021-05-14,97.5999984741211,101.5999984741211,96.4000015258789,98.19999694824219,66620
2021-05-17,99.80000305175781,101.0,97.5999984741211,98.19999694824219,36285
2021-05-18,104.5999984741211,107.5999984741211,98.9800033569336,100.0,46775
2021-05-19,104.19999694824219,104.80000305175781,99.5999984741211,101.0,55110
2021-05-20,106.5999984741211,108.0,104.4000015258789,105.0,30875
2021-05-21,104.5999984741211,107.19999694824219,103.0,107.19999694824219,34455
2021-05-24,103.5999984741211,106.0,100.5999984741211,105.19999694824219,38685
2021-05-25,102.80000305175781,106.0,102.19999694824219,103.5999984741211,31115
2021-05-26,106.80000305175781,109.4000015258789,103.5,103.5999984741211,40795
2021-05-27,108.0,108.5999984741211,102.5999984741211,106.80000305175781,45565
2021-05-28,108.80000305175781,114.4000015258789,108.0,108.05999755859375,56565
2021-06-01,118.0,119.30000305175781,111.80000305175781,114.19999694824219,66500
2021-06-02,116.19999694824219,120.5999984741211,111.19999694824219,120.0,85910
2021-06-03,111.0,116.5999984741211,109.5999984741211,115.4000015258789,57175
2021-06-04,113.19999694824219,114.9000015258789,110.80000305175781,111.19999694824219,44320
2021-06-07,120.80000305175781,123.0,113.4000015258789,113.4000015258789,94170
2021-06-08,123.80000305175781,125.0,118.5999984741211,124.5999984741211,69500
2021-06-09,122.0,130.60000610351562,121.0,125.5999984741211,69610
2021-06-10,124.0,125.80000305175781,119.5999984741211,123.0,57395
2021-06-11,122.0,126.80000305175781,120.5999984741211,124.19999694824219,40735
2021-06-14,124.80000305175781,127.4000015258789,122.4000015258789,124.19999694824219,55770
2021-06-15,115.80000305175781,125.19999694824219,115.19999694824219,125.19999694824219,71985
2021-06-16,116.19999694824219,118.4000015258789,112.19999694824219,117.0,55290
2021-06-17,119.19999694824219,122.19999694824219,114.4000015258789,115.19999694824219,43570
2021-06-18,116.80000305175781,119.0,114.19999694824219,118.5999984741211,46775
2021-06-21,115.19999694824219,118.4000015258789,114.0,116.5999984741211,38935
2021-06-22,114.0,117.0,112.0,115.5999984741211,44165
2021-06-23,116.0,118.5999984741211,113.5999984741211,113.5999984741211,41940
2021-06-24,120.80000305175781,122.80000305175781,117.0,117.0,57345
2021-06-25,118.19999694824219,124.55999755859375,116.5999984741211,122.0,377500
2021-06-28,123.19999694824219,123.80000305175781,119.19999694824219,119.5999984741211,68800
2021-06-29,113.4000015258789,122.5999984741211,113.19999694824219,122.12000274658203,102590
2021-06-30,107.19999694824219,114.0,106.19999694824219,114.0,97655
2021-07-01,113.4000015258789,114.19999694824219,109.0,111.19999694824219,74665
2021-07-02,109.5999984741211,114.0,108.0,113.5999984741211,40065
2021-07-06,108.4000015258789,111.0,106.4000015258789,110.87999725341797,41705
2021-07-07,105.5999984741211,108.4000015258789,101.80000305175781,108.4000015258789,50560
2021-07-08,103.19999694824219,104.4000015258789,99.0,102.0,44770
2021-07-09,107.4000015258789,108.19999694824219,103.0,104.19999694824219,25235
2021-07-12,105.80000305175781,107.4000015258789,103.80000305175781,106.80000305175781,27120
2021-07-13,104.5999984741211,106.4000015258789,103.5999984741211,105.0,27150
2021-07-14,99.5999984741211,105.0,99.19999694824219,105.0,48980
2021-07-15,103.19999694824219,103.4000015258789,99.19999694824219,100.0,36170
2021-07-16,100.4000015258789,103.19999694824219,98.4000015258789,103.19999694824219,41550
2021-07-19,98.4000015258789,99.80000305175781,93.80000305175781,98.4000015258789,57925
2021-07-20,100.5999984741211,102.5999984741211,96.30000305175781,98.0,37035
2021-07-21,104.80000305175781,105.19999694824219,100.5999984741211,101.5999984741211,20910
2021-07-22,99.19999694824219,104.4000015258789,99.0,103.4000015258789,27660
2021-07-23,97.80000305175781,99.19999694824219,96.19999694824219,99.0,32335
2021-07-26,96.5999984741211,100.4000015258789,95.80000305175781,97.4000015258789,33305
2021-07-27,98.4000015258789,99.80000305175781,92.4000015258789,95.80000305175781,57150
2021-07-28,102.19999694824219,103.4000015258789,98.0199966430664,98.5999984741211,41020
2021-07-29,100.19999694824219,106.0999984741211,99.80000305175781,102.19999694824219,45600
2021-07-30,99.0,101.4000015258789,97.0,99.0,27005
2021-08-02,97.4000015258789,100.0,97.19999694824219,99.80000305175781,23280
2021-08-03,94.80000305175781,98.5999984741211,92.4000015258789,98.0,57520
2021-08-04,91.4000015258789,95.31999969482422,90.4000015258789,94.5999984741211,50265
2021-08-05,98.0,98.9000015258789,90.5999984741211,90.80000305175781,42000
2021-08-06,99.19999694824219,100.69999694824219,96.37999725341797,96.5999984741211,29050
2021-08-09,98.0,99.5999984741211,92.4000015258789,97.80000305175781,49765
2021-08-10,96.80000305175781,100.19999694824219,96.19999694824219,98.0,35295
2021-08-11,99.19999694824219,99.5999984741211,95.30000305175781,96.80000305175781,29210
2021-08-12,98.80000305175781,99.80000305175781,96.0,99.80000305175781,38835
2021-08-13,94.80000305175781,98.80000305175781,94.19999694824219,98.5999984741211,29965
2021-08-16,90.5999984741211,94.19999694824219,90.5999984741211,94.19999694824219,32685
2021-08-17,87.80000305175781,91.19999694824219,86.19999694824219,91.19999694824219,68235
2021-08-18,87.4000015258789,90.4000015258789,85.0,88.0,38365
2021-08-19,83.5999984741211,87.18000030517578,83.0,86.19999694824219,39165
2021-08-20,86.4000015258789,88.0999984741211,82.41999816894531,82.5999984741211,28310
2021-08-23,90.80000305175781,91.0,85.80000305175781,86.80000305175781,38060
2021-08-24,90.80000305175781,92.0,88.80000305175781,91.4000015258789,20095
2021-08-25,91.4000015258789,93.80000305175781,90.16000366210938,90.80000305175781,22150
2021-08-26,89.4000015258789,94.4000015258789,89.0,91.5999984741211,31320
2021-08-27,92.80000305175781,93.80000305175781,89.19999694824219,90.0,31505
2021-08-30,90.80000305175781,94.19999694824219,90.5,92.80000305175781,26350
2021-08-31,92.5999984741211,94.19999694824219,90.5999984741211,90.5999984741211,28430
2021-09-01,92.5999984741211,93.0999984741211,90.19999694824219,91.0199966430664,35175
2021-09-02,94.0,95.0,92.30000305175781,92.5999984741211,26860
2021-09-03,91.5999984741211,94.37999725341797,90.19999694824219,94.19999694824219,33030
2021-09-07,89.80000305175781,92.41999816894531,88.4000015258789,91.4000015258789,29100
2021-09-08,88.19999694824219,90.0999984741211,86.4000015258789,89.0,29865
2021-09-09,88.0,89.95999908447266,86.80000305175781,87.5999984741211,31725
2021-09-10,87.19999694824219,89.4000015258789,87.0,89.4000015258789,18880
2021-09-13,86.4000015258789,89.19999694824219,85.4000015258789,87.5999984741211,25125
2021-09-14,83.5999984741211,87.5999984741211,83.19999694824219,87.0,28665
2021-09-15,83.80000305175781,85.5999984741211,82.4000015258789,83.80000305175781,21795
2021-09-16,83.5999984741211,83.80000305175781,82.0,83.80000305175781,19885
2021-09-17,88.19999694824219,89.19999694824219,81.80000305175781,83.5999984741211,71985
2021-09-20,80.4000015258789,86.80000305175781,79.5999984741211,85.4000015258789,52190
2021-09-21,81.0,83.0,80.4000015258789,81.5999984741211,25635
2021-09-22,82.80000305175781,85.19999694824219,80.19999694824219,81.5999984741211,27935
2021-09-23,86.0,86.19999694824219,82.0999984741211,83.80000305175781,31725
2021-09-24,82.19999694824219,85.19999694824219,81.80000305175781,85.19999694824219,24270
2021-09-27,83.80000305175781,85.5999984741211,81.5999984741211,82.5999984741211,27555
2021-09-28,81.5999984741211,85.0,81.27999877929688,83.0,29645
2021-09-29,78.0,82.4000015258789,77.5999984741211,82.4000015258789,41150
2021-09-30,81.4000015258789,82.0,78.4000015258789,79.19999694824219,31630
2021-10-01,78.80000305175781,81.5999984741211,78.19999694824219,81.5999984741211,34500
2021-10-04,76.4000015258789,78.80000305175781,75.5999984741211,78.19999694824219,38595
2021-10-05,76.80000305175781,78.81999969482422,75.4000015258789,76.4000015258789,24625
2021-10-06,75.4000015258789,77.5999984741211,74.5999984741211,76.0,32480
2021-10-07,75.5999984741211,77.5999984741211,75.4000015258789,76.08000183105469,29435
2021-10-08,78.0,78.4000015258789,75.9000015258789,76.4000015258789,31395
2021-10-11,76.4000015258789,79.19999694824219,75.44000244140625,77.5999984741211,37325
2021-10-12,78.4000015258789,78.80000305175781,75.0,76.0,30160
2021-10-13,81.5999984741211,84.0,78.5999984741211,78.5999984741211,36160
2021-10-14,80.5999984741211,83.63999938964844,79.5999984741211,82.5999984741211,26705
2021-10-15,78.19999694824219,81.19999694824219,78.19999694824219,81.19999694824219,22965
2021-10-18,78.4000015258789,79.4000015258789,77.80000305175781,78.19999694824219,20315
2021-10-19,82.80000305175781,82.80000305175781,79.0,79.0,35340
2021-10-20,81.19999694824219,83.4000015258789,80.0,83.4000015258789,26865
2021-10-21,80.5999984741211,83.0,80.4000015258789,81.19999694824219,25580
2021-10-22,78.5999984741211,80.4000015258789,77.0,80.0,28210
2021-10-25,80.80000305175781,81.5999984741211,78.5999984741211,78.5999984741211,22820
2021-10-26,80.5999984741211,82.0,79.4000015258789,80.80000305175781,23105
2021-10-27,77.5999984741211,80.80000305175781,77.0,79.80000305175781,28850
2021-10-28,79.80000305175781,80.19999694824219,77.19999694824219,78.19999694824219,22865
2021-10-29,79.80000305175781,80.41999816894531,78.4000015258789,79.0,25245
2021-11-01,87.19999694824219,87.5999984741211,80.0,80.4000015258789,74230
2021-11-02,85.5999984741211,86.5999984741211,82.5,85.19999694824219,40490
2021-11-03,86.80000305175781,90.0,85.19999694824219,86.0,36020
2021-11-04,81.4000015258789,88.63999938964844,80.4000015258789,86.4000015258789,47710
2021-11-05,74.5999984741211,81.19999694824219,73.5,81.19999694824219,114145
2021-11-08,77.19999694824219,77.4000015258789,73.0,74.68000030517578,62345
2021-11-09,77.5999984741211,79.95999908447266,75.80000305175781,77.9000015258789,55190
2021-11-10,75.19999694824219,78.5999984741211,74.19999694824219,76.69999694824219,38965
2021-11-11,74.5999984741211,76.30000305175781,74.0,75.80000305175781,33240
2021-11-12,75.0,76.0,73.5999984741211,74.80000305175781,28225
2021-11-15,73.0,75.80000305175781,72.5999984741211,75.80000305175781,44950
2021-11-16,72.0,72.80000305175781,70.19999694824219,72.80000305175781,34990
2021-11-17,66.0,71.9000015258789,66.0,71.08000183105469,96940
2021-11-18,62.400001525878906,68.19999694824219,61.0,65.4000015258789,189640
2021-11-19,49.400001525878906,52.0,46.400001525878906,46.599998474121094,763790
2021-11-22,54.400001525878906,56.79999923706055,47.400001525878906,49.79999923706055,257575
2021-11-23,53.599998474121094,54.400001525878906,50.599998474121094,54.20000076293945,145025
2021-11-24,55.79999923706055,56.0,51.84000015258789,53.599998474121094,88120
2021-11-26,51.599998474121094,54.400001525878906,50.400001525878906,52.70000076293945,59910
2021-11-29,52.400001525878906,55.5,50.79999923706055,53.0,71860
2021-11-30,52.400001525878906,53.41999816894531,50.20000076293945,52.599998474121094,60895
2021-12-01,49.0,54.599998474121094,48.79999923706055,54.400001525878906,57530
2021-12-02,51.400001525878906,51.400001525878906,48.400001525878906,49.0,54695
2021-12-03,47.20000076293945,51.599998474121094,47.0,51.599998474121094,58220
2021-12-06,48.599998474121094,49.79999923706055,45.0,47.20000076293945,77585
2021-12-07,52.0,53.0,49.599998474121094,49.720001220703125,58335
2021-12-08,53.400001525878906,55.0,50.599998474121094,52.79999923706055,44630
2021-12-09,49.79999923706055,53.20000076293945,49.599998474121094,53.20000076293945,38030
2021-12-10,48.0,51.0,47.599998474121094,50.400001525878906,37325
2021-12-13,47.400001525878906,48.79999923706055,46.79999923706055,47.900001525878906,35305
2021-12-14,45.400001525878906,47.20000076293945,44.599998474121094,46.599998474121094,50355
2021-12-15,47.20000076293945,47.599998474121094,43.0,45.79999923706055,46265
2021-12-16,45.0,47.599998474121094,44.5,47.599998474121094,35720
2021-12-17,47.79999923706055,48.599998474121094,43.599998474121094,44.20000076293945,49795
2021-12-20,45.79999923706055,46.599998474121094,44.400001525878906,46.599998474121094,34875
2021-12-21,46.0,47.20000076293945,45.400001525878906,46.599998474121094,34340
2021-12-22,45.20000076293945,46.400001525878906,44.29999923706055,45.400001525878906,27600
2021-12-23,44.79999923706055,45.400001525878906,44.060001373291016,44.400001525878906,52325
2021-12-27,42.599998474121094,44.79999923706055,42.20000076293945,44.599998474121094,58040
2021-12-28,42.20000076293945,44.0,41.79999923706055,42.0,69135
2021-12-29,42.20000076293945,42.79999923706055,41.400001525878906,42.400001525878906,63095
2021-12-30,44.20000076293945,45.20000076293945,41.599998474121094,42.31999969482422,80135
2021-12-31,42.0,45.20000076293945,41.599998474121094,43.599998474121094,68280
2022-01-03,45.20000076293945,45.79999923706055,42.040000915527344,42.20000076293945,40635
2022-01-04,43.400001525878906,46.0,43.099998474121094,45.599998474121094,37095
2022-01-05,41.20000076293945,44.0,41.040000915527344,43.599998474121094,61485
2022-01-06,41.0,42.400001525878906,40.20000076293945,41.099998474121094,41720
2022-01-07,40.599998474121094,42.099998474121094,40.400001525878906,40.599998474121094,32860
2022-01-10,38.20000076293945,40.400001525878906,38.0,40.400001525878906,92810
2022-01-11,38.79999923706055,41.29999923706055,37.900001525878906,38.0,183915
2022-01-12,37.79999923706055,39.79999923706055,37.70000076293945,39.0,71150
2022-01-13,37.20000076293945,38.29999923706055,36.41999816894531,38.0,73170
2022-01-14,36.79999923706055,37.599998474121094,36.20000076293945,37.400001525878906,62705
2022-01-18,36.0,37.0,35.79999923706055,36.400001525878906,51685
2022-01-19,35.599998474121094,37.0,35.599998474121094,36.20000076293945,43540
2022-01-20,35.0,36.900001525878906,35.0,36.0,54400
2022-01-21,33.20000076293945,35.20000076293945,33.0,34.70000076293945,69715
2022-01-24,34.0,34.20000076293945,30.200000762939453,32.400001525878906,63395
2022-01-25,34.400001525878906,35.599998474121094,33.2599983215332,33.400001525878906,35720
2022-01-26,33.599998474121094,36.400001525878906,33.0,36.20000076293945,64025
2022-01-27,31.200000762939453,34.099998474121094,30.799999237060547,34.099998474121094,26770
2022-01-28,32.0,32.20000076293945,30.200000762939453,31.100000381469727,26800
2022-01-31,35.400001525878906,35.400001525878906,32.400001525878906,32.400001525878906,49365
2022-02-01,35.20000076293945,37.20000076293945,34.599998474121094,35.20000076293945,44580
2022-02-02,32.400001525878906,35.400001525878906,32.400001525878906,35.400001525878906,151155
2022-02-03,31.200000762939453,32.5,31.0,32.0,56200
2022-02-04,32.20000076293945,32.70000076293945,30.600000381469727,31.399999618530273,131375
2022-02-07,34.599998474121094,35.0,32.20000076293945,32.20000076293945,47820
2022-02-08,34.0,35.31999969482422,33.599998474121094,35.0,29710
2022-02-09,34.20000076293945,34.79999923706055,34.20000076293945,34.400001525878906,22820
2022-02-10,32.79999923706055,35.099998474121094,32.79999923706055,33.599998474121094,29055
2022-02-11,32.20000076293945,33.79999923706055,31.799999237060547,33.0,25275
2022-02-14,32.0,33.0,31.600000381469727,32.79999923706055,21970
2022-02-15,33.0,33.20000076293945,32.400001525878906,33.20000076293945,25510
2022-02-16,31.600000381469727,32.400001525878906,31.399999618530273,32.400001525878906,56655
2022-02-17,30.399999618530273,32.0,30.399999618530273,31.799999237060547,31505
2022-02-18,29.799999237060547,31.0,29.399999618530273,30.399999618530273,51605
2022-02-22,28.600000381469727,30.399999618530273,28.399999618530273,29.799999237060547,45415
2022-02-23,27.600000381469727,29.399999618530273,27.399999618530273,29.399999618530273,40495
2022-02-24,28.799999237060547,29.200000762939453,26.399999618530273,26.799999237060547,58080
2022-02-25,28.799999237060547,30.200000762939453,28.100000381469727,30.0,54735
2022-02-28,31.799999237060547,32.400001525878906,28.600000381469727,28.600000381469727,144635
2022-03-01,31.600000381469727,33.20000076293945,31.0,32.400001525878906,48625
2022-03-02,31.600000381469727,33.0,30.600000381469727,32.400001525878906,27775
2022-03-03,29.399999618530273,31.799999237060547,29.200000762939453,31.799999237060547,43235
2022-03-04,28.200000762939453,29.799999237060547,27.799999237060547,29.200000762939453,34900
2022-03-07,29.0,29.799999237060547,28.200000762939453,29.0,31820
2022-03-08,26.799999237060547,29.600000381469727,26.600000381469727,29.600000381469727,95415
2022-03-09,28.0,29.0,27.399999618530273,27.399999618530273,40005
2022-03-10,38.599998474121094,41.0,27.200000762939453,27.200000762939453,421075
2022-03-11,30.399999618530273,37.0,30.0,35.0,209055
2022-03-14,29.600000381469727,32.900001525878906,28.899999618530273,31.399999618530273,92350
2022-03-15,31.399999618530273,33.0,29.0,30.0,90695
2022-03-16,33.599998474121094,33.599998474121094,30.600000381469727,32.20000076293945,82785
2022-03-17,37.599998474121094,37.79999923706055,32.599998474121094,33.599998474121094,119845
2022-03-18,38.400001525878906,39.400001525878906,37.0,37.20000076293945,194950
2022-03-21,42.79999923706055,47.400001525878906,37.400001525878906,37.79999923706055,225095
2022-03-22,44.79999923706055,45.0,41.400001525878906,42.400001525878906,124180
2022-03-23,43.20000076293945,44.79999923706055,42.68000030517578,44.400001525878906,58845
2022-03-24,43.0,44.400001525878906,40.79999923706055,44.400001525878906,43050
2022-03-25,42.20000076293945,43.70000076293945,41.400001525878906,42.599998474121094,48330
2022-03-28,38.599998474121094,43.779998779296875,37.20000076293945,43.400001525878906,93500
2022-03-29,39.20000076293945,40.400001525878906,38.79999923706055,39.400001525878906,46615
2022-03-30,38.79999923706055,40.20000076293945,37.599998474121094,39.0,34640
2022-03-31,37.400001525878906,39.400001525878906,37.0,39.0,30255
2022-04-01,38.400001525878906,39.20000076293945,37.400001525878906,37.400001525878906,29370
2022-04-04,40.79999923706055,40.79999923706055,38.599998474121094,38.599998474121094,34845
2022-04-05,39.400001525878906,41.5,38.599998474121094,41.0,28245
2022-04-06,37.79999923706055,39.0,36.20000076293945,39.0,34345
2022-04-07,37.20000076293945,38.400001525878906,35.29999923706055,38.400001525878906,34340
2022-04-08,36.0,37.400001525878906,35.20000076293945,36.400001525878906,21120
2022-04-11,34.79999923706055,35.599998474121094,34.0,35.20000076293945,32695
2022-04-12,34.0,35.79999923706055,33.79999923706055,34.400001525878906,39520
2022-04-13,34.79999923706055,35.400001525878906,34.0,34.0,24330
2022-04-14,33.79999923706055,35.0,33.599998474121094,34.79999923706055,19780
2022-04-18,32.0,34.400001525878906,31.600000381469727,34.400001525878906,33470
2022-04-19,32.79999923706055,33.900001525878906,31.600000381469727,32.0,20675
2022-04-20,32.20000076293945,33.400001525878906,32.0,33.20000076293945,30900
2022-04-21,30.200000762939453,33.20000076293945,30.0,33.20000076293945,30860
2022-04-22,29.799999237060547,30.600000381469727,29.0,30.399999618530273,22720
2022-04-25,29.799999237060547,30.399999618530273,28.459999084472656,29.200000762939453,22990
2022-04-26,28.0,30.0,27.799999237060547,30.0,33685
2022-04-27,27.200000762939453,28.600000381469727,27.200000762939453,27.799999237060547,26580
2022-04-28,27.399999618530273,28.200000762939453,26.0,28.0,46975
2022-04-29,26.799999237060547,28.899999618530273,26.600000381469727,27.399999618530273,35035
2022-05-02,27.200000762939453,27.399999618530273,26.0,26.0,29240
2022-05-03,27.399999618530273,29.200000762939453,27.399999618530273,27.600000381469727,21495
2022-05-04,28.600000381469727,28.700000762939453,26.0,27.600000381469727,26665
2022-05-05,27.0,29.0,26.600000381469727,28.600000381469727,38240
2022-05-06,26.799999237060547,28.200000762939453,26.100000381469727,26.600000381469727,34335
2022-05-09,25.0,26.799999237060547,24.700000762939453,26.799999237060547,44120
2022-05-10,25.600000381469727,27.0,24.799999237060547,25.200000762939453,44295
2022-05-11,23.600000381469727,26.200000762939453,23.600000381469727,25.600000381469727,42635
2022-05-12,24.399999618530273,25.600000381469727,22.600000381469727,23.399999618530273,34055
2022-05-13,26.200000762939453,27.979999542236328,24.799999237060547,24.799999237060547,50190
2022-05-16,26.200000762939453,27.899999618530273,25.700000762939453,26.399999618530273,27435
2022-05-17,27.399999618530273,27.799999237060547,26.600000381469727,27.0,14925
2022-05-18,25.399999618530273,27.15999984741211,25.0,27.0,32315
2022-05-19,26.0,26.600000381469727,25.100000381469727,25.200000762939453,16125
2022-05-20,26.399999618530273,27.579999923706055,25.399999618530273,26.399999618530273,24070
2022-05-23,25.399999618530273,26.200000762939453,24.799999237060547,25.399999618530273,28270
2022-05-24,24.600000381469727,25.600000381469727,24.0,25.600000381469727,35465
2022-05-25,25.200000762939453,25.799999237060547,24.399999618530273,24.799999237060547,17680
2022-05-26,27.600000381469727,28.200000762939453,25.200000762939453,25.200000762939453,32180
2022-05-27,29.799999237060547,30.200000762939453,27.200000762939453,27.600000381469727,29810
2022-05-31,29.799999237060547,30.399999618530273,28.200000762939453,30.200000762939453,26750
2022-06-01,27.799999237060547,30.0,27.600000381469727,29.799999237060547,28235
2022-06-02,29.399999618530273,29.799999237060547,27.219999313354492,28.0,26990
2022-06-03,30.200000762939453,30.600000381469727,28.200000762939453,29.399999618530273,23790
2022-06-06,30.799999237060547,31.0,28.799999237060547,30.399999618530273,36800
2022-06-07,32.599998474121094,33.0,30.020000457763672,30.600000381469727,44065
2022-06-08,33.599998474121094,35.0,31.600000381469727,32.400001525878906,37905
2022-06-09,35.599998474121094,35.79999923706055,31.0,33.400001525878906,55940
2022-06-10,33.20000076293945,34.79999923706055,31.399999618530273,34.79999923706055,55375
2022-06-13,32.0,32.599998474121094,31.0,31.799999237060547,49245
2022-06-14,31.600000381469727,32.79999923706055,30.0,32.20000076293945,50000
2022-06-15,31.0,32.400001525878906,30.0,31.799999237060547,60220
2022-06-16,29.799999237060547,30.600000381469727,28.799999237060547,30.600000381469727,36480
2022-06-17,29.399999618530273,30.780000686645508,29.200000762939453,29.799999237060547,32440
2022-06-21,30.399999618530273,31.0,29.700000762939453,30.799999237060547,43005
2022-06-22,33.0,34.099998474121094,29.799999237060547,30.0,56900
2022-06-23,34.20000076293945,34.20000076293945,31.899999618530273,33.599998474121094,52835
2022-06-24,32.400001525878906,35.599998474121094,31.100000381469727,33.79999923706055,407330
2022-06-27,34.20000076293945,34.20000076293945,30.780000686645508,32.79999923706055,36740
2022-06-28,34.599998474121094,36.0,33.400001525878906,34.20000076293945,34270
2022-06-29,34.400001525878906,35.20000076293945,32.70000076293945,34.599998474121094,26575
2022-06-30,34.20000076293945,35.20000076293945,33.20000076293945,34.0,26190
2022-07-01,31.0,35.79999923706055,31.0,34.599998474121094,28865
2022-07-05,31.600000381469727,33.099998474121094,30.0,31.0,45965
2022-07-06,31.399999618530273,32.560001373291016,30.0,31.799999237060547,30055
2022-07-07,32.400001525878906,33.20000076293945,31.1200008392334,31.399999618530273,17505
2022-07-08,33.79999923706055,34.0,31.600000381469727,32.20000076293945,20635
2022-07-11,32.400001525878906,34.0,32.20000076293945,33.79999923706055,22305
2022-07-12,34.0,34.20000076293945,31.200000762939453,32.20000076293945,28750
2022-07-13,34.0,34.20000076293945,32.599998474121094,33.0,21085
2022-07-14,32.400001525878906,33.79999923706055,32.0,33.79999923706055,12295
2022-07-15,31.0,33.0,30.399999618530273,33.0,22845
2022-07-18,30.799999237060547,32.81999969482422,30.5,32.0,17530
2022-07-19,32.20000076293945,32.400001525878906,31.200000762939453,31.200000762939453,19160
2022-07-20,32.20000076293945,33.29999923706055,31.799999237060547,31.799999237060547,23860
2022-07-21,33.20000076293945,33.20000076293945,31.799999237060547,32.400001525878906,9975
2022-07-22,31.799999237060547,33.20000076293945,30.799999237060547,33.0,31800
2022-07-25,30.799999237060547,32.0,30.799999237060547,32.0,8785
2022-07-26,29.399999618530273,30.799999237060547,29.200000762939453,30.799999237060547,21685
2022-07-27,30.0,31.0,29.799999237060547,29.799999237060547,14210
2022-07-28,29.799999237060547,30.200000762939453,28.799999237060547,30.0,16855
2022-07-29,29.600000381469727,30.0,29.0,29.799999237060547,18060
2022-08-01,29.600000381469727,30.0,29.100000381469727,29.399999618530273,20435
2022-08-02,31.0,31.399999618530273,29.780000686645508,30.0,22100
2022-08-03,31.200000762939453,31.600000381469727,30.600000381469727,31.600000381469727,18045
2022-08-04,31.799999237060547,32.79999923706055,31.200000762939453,31.600000381469727,14190
2022-08-05,31.200000762939453,31.600000381469727,30.399999618530273,30.799999237060547,19225
2022-08-08,31.600000381469727,32.79999923706055,31.200000762939453,32.0,28085
2022-08-09,30.799999237060547,32.20000076293945,30.399999618530273,31.600000381469727,32265
2022-08-10,28.600000381469727,31.399999618530273,28.399999618530273,31.399999618530273,52500
2022-08-11,28.799999237060547,30.899999618530273,28.399999618530273,29.0,31145
2022-08-12,29.0,29.600000381469727,28.600000381469727,28.799999237060547,16165
2022-08-15,29.600000381469727,30.0,28.899999618530273,29.200000762939453,23405
2022-08-16,28.0,30.0,27.799999237060547,30.0,45195
2022-08-17,26.799999237060547,28.260000228881836,26.600000381469727,28.0,29525
2022-08-18,27.0,27.399999618530273,26.399999618530273,27.200000762939453,11785
2022-08-19,26.399999618530273,27.200000762939453,26.200000762939453,27.0,17995
2022-08-22,25.600000381469727,26.399999618530273,25.200000762939453,26.200000762939453,15255
2022-08-23,25.799999237060547,26.5,25.200000762939453,25.600000381469727,15045
2022-08-24,26.600000381469727,27.0,25.399999618530273,26.0,14405
2022-08-25,27.0,27.34000015258789,26.600000381469727,27.0,10210
2022-08-26,25.600000381469727,27.100000381469727,25.600000381469727,27.0,13685
2022-08-29,25.399999618530273,26.0,25.200000762939453,25.600000381469727,6560
2022-08-30,25.0,26.200000762939453,25.0,25.799999237060547,10525
2022-08-31,24.0,25.600000381469727,24.0,25.0,16465
2022-09-01,23.0,24.399999618530273,22.600000381469727,24.200000762939453,24865
2022-09-02,22.600000381469727,23.899999618530273,22.399999618530273,23.0,16545
2022-09-06,22.0,22.799999237060547,21.799999237060547,22.600000381469727,14340
2022-09-07,21.600000381469727,22.579999923706055,21.600000381469727,22.399999618530273,20595
2022-09-08,22.600000381469727,23.399999618530273,21.399999618530273,21.600000381469727,23685
2022-09-09,22.600000381469727,23.799999237060547,22.200000762939453,22.799999237060547,21265
2022-09-12,22.799999237060547,23.0,22.399999618530273,22.600000381469727,14400
2022-09-13,22.600000381469727,22.600000381469727,22.0,22.0,14665
2022-09-14,21.200000762939453,22.600000381469727,21.200000762939453,22.399999618530273,34065
2022-09-15,20.600000381469727,21.799999237060547,20.600000381469727,21.200000762939453,27070
2022-09-16,20.200000762939453,21.020000457763672,19.600000381469727,20.799999237060547,51265
2022-09-19,19.0,20.1200008392334,19.0,20.0,35350
2022-09-20,18.479999542236328,19.0,18.399999618530273,18.860000610351562,26500
2022-09-21,17.979999542236328,18.940000534057617,17.719999313354492,18.479999542236328,27995
2022-09-22,17.1200008392334,18.600000381469727,17.0,18.0,32725
2022-09-23,16.0,17.200000762939453,15.579999923706055,17.200000762939453,32785
2022-09-26,15.279999732971191,16.899999618530273,15.0,16.079999923706055,27190
2022-09-27,14.5600004196167,16.15999984741211,14.220000267028809,15.399999618530273,42510
2022-09-28,15.880000114440918,16.15999984741211,14.600000381469727,14.600000381469727,34890
2022-09-29,14.319999694824219,16.3799991607666,14.279999732971191,16.0,38380
2022-09-30,15.619999885559082,16.15999984741211,14.600000381469727,15.15999984741211,29710
2022-10-03,15.720000267028809,16.799999237060547,15.260000228881836,16.540000915527344,17515
2022-10-04,17.31999969482422,17.559999465942383,16.5,16.600000381469727,19445
2022-10-05,15.520000457763672,17.0,15.380000114440918,16.799999237060547,28725
2022-10-06,14.760000228881836,16.0,14.619999885559082,15.800000190734863,30630
2022-10-07,13.020000457763672,15.380000114440918,13.0,14.699999809265137,65030
2022-10-10,12.0600004196167,13.0,12.039999961853027,12.899999618530273,38135
2022-10-11,12.199999809265137,13.399999618530273,11.65999984741211,12.039999961853027,35280
2022-10-12,12.079999923706055,12.399999618530273,11.819999694824219,12.399999618530273,20300
2022-10-13,12.199999809265137,12.359999656677246,11.640000343322754,11.800000190734863,19315
2022-10-14,11.760000228881836,12.800000190734863,11.65999984741211,12.279999732971191,19565
2022-10-17,12.079999923706055,12.520000457763672,11.640000343322754,11.640000343322754,22835
2022-10-18,12.300000190734863,13.399999618530273,12.199999809265137,12.319999694824219,17280
2022-10-19,11.819999694824219,12.300000190734863,11.819999694824219,12.300000190734863,16450
2022-10-20,11.920000076293945,12.34000015258789,11.819999694824219,12.199999809265137,10595
2022-10-21,12.4399995803833,13.0,11.84000015258789,11.84000015258789,31880
2022-10-24,12.020000457763672,12.859999656677246,12.0,12.859999656677246,16280
2022-10-25,13.0,13.260000228881836,12.0,12.0,25895
2022-10-26,13.15999984741211,13.779999732971191,12.800000190734863,13.100000381469727,23360
2022-10-27,13.0,13.600000381469727,12.800000190734863,12.899999618530273,17565
2022-10-28,13.9399995803833,14.260000228881836,12.899999618530273,12.899999618530273,21590
2022-10-31,14.300000190734863,14.359999656677246,13.600000381469727,13.600000381469727,11295
2022-11-01,14.239999771118164,14.960000038146973,14.199999809265137,14.600000381469727,15580
2022-11-02,13.760000228881836,14.5600004196167,13.640000343322754,14.0600004196167,12455
2022-11-03,13.800000190734863,14.180000305175781,13.100000381469727,14.0,10130
2022-11-04,13.5,14.0,13.199999809265137,14.0,9845
2022-11-07,12.9399995803833,13.5,12.800000190734863,13.5,6515
2022-11-08,12.300000190734863,13.0,12.260000228881836,12.800000190734863,19790
2022-11-09,12.220000267028809,12.819999694824219,12.199999809265137,12.399999618530273,19415
2022-11-10,12.399999618530273,12.880000114440918,12.220000267028809,12.399999618530273,14005
2022-11-11,14.319999694824219,14.5,12.399999618530273,12.600000381469727,23450
2022-11-14,14.300000190734863,14.800000190734863,14.0,14.399999618530273,9855
2022-11-15,14.65999984741211,14.9399995803833,14.300000190734863,14.619999885559082,9955
2022-11-16,14.84000015258789,14.920000076293945,14.399999618530273,14.399999618530273,13935
2022-11-17,14.460000038146973,14.899999618530273,14.260000228881836,14.800000190734863,8100
2022-11-18,14.600000381469727,15.100000381469727,14.34000015258789,14.979999542236328,16625
2022-11-21,13.5,14.399999618530273,13.5,14.399999618530273,23220
2022-11-22,13.819999694824219,14.260000228881836,13.4399995803833,13.800000190734863,8960
2022-11-23,13.899999618530273,14.0,13.4399995803833,13.600000381469727,6240
2022-11-25,14.399999618530273,14.399999618530273,13.460000038146973,13.5600004196167,5095
2022-11-28,13.460000038146973,14.199999809265137,13.460000038146973,13.960000038146973,5590
2022-11-29,13.979999542236328,14.0,13.399999618530273,13.4399995803833,12150
2022-11-30,13.760000228881836,14.0,13.260000228881836,14.0,15835
2022-12-01,13.460000038146973,14.199999809265137,13.460000038146973,13.800000190734863,8980
2022-12-02,14.0,14.0,13.399999618530273,13.800000190734863,6970
2022-12-05,13.34000015258789,14.0,13.34000015258789,13.960000038146973,7940
2022-12-06,12.819999694824219,13.800000190734863,12.619999885559082,13.600000381469727,10855
2022-12-07,12.079999923706055,13.0,12.079999923706055,12.800000190734863,13625
2022-12-08,12.15999984741211,12.600000381469727,12.079999923706055,12.600000381469727,15410
2022-12-09,12.819999694824219,13.600000381469727,12.199999809265137,12.279999732971191,15410
2022-12-12,12.619999885559082,13.199999809265137,12.399999618530273,12.699999809265137,8885
2022-12-13,13.479999542236328,13.699999809265137,12.680000305175781,13.199999809265137,10945
2022-12-14,13.359999656677246,14.34000015258789,12.739999771118164,13.15999984741211,13910
2022-12-15,14.960000038146973,15.0,13.020000457763672,13.020000457763672,21755
2022-12-16,14.800000190734863,15.199999809265137,14.199999809265137,14.600000381469727,11945
2022-12-19,14.079999923706055,15.600000381469727,14.079999923706055,15.399999618530273,18785
2022-12-20,13.819999694824219,14.399999618530273,13.699999809265137,13.800000190734863,7350
2022-12-21,14.760000228881836,15.399999618530273,13.779999732971191,13.800000190734863,23610
2022-12-22,17.559999465942383,17.799999237060547,14.9399995803833,15.0,40470
2022-12-23,15.199999809265137,17.799999237060547,15.199999809265137,17.799999237060547,27710
2022-12-27,14.0,15.520000457763672,14.0,15.399999618530273,14750
2022-12-28,13.399999618530273,14.479999542236328,13.399999618530273,14.199999809265137,29910
2022-12-29,14.020000457763672,15.0,13.0,13.079999923706055,16150
2022-12-30,15.279999732971191,15.399999618530273,14.199999809265137,14.199999809265137,30295
2023-01-03,15.9399995803833,16.399999618530273,14.800000190734863,15.5600004196167,9465
2023-01-04,16.399999618530273,16.399999618530273,15.399999618530273,16.020000457763672,11095
2023-01-05,16.1200008392334,16.399999618530273,15.619999885559082,16.399999618530273,5760
2023-01-06,15.199999809265137,16.399999618530273,15.0,16.399999618530273,10810
2023-01-09,15.960000038146973,16.0,15.199999809265137,15.199999809265137,9540
2023-01-10,15.960000038146973,16.139999389648438,15.420000076293945,15.960000038146973,9440
2023-01-11,15.640000343322754,16.200000762939453,15.600000381469727,16.200000762939453,6885
2023-01-12,18.399999618530273,18.399999618530273,15.65999984741211,15.65999984741211,26040
2023-01-13,19.059999465942383,19.200000762939453,18.200000762939453,18.639999389648438,17405
2023-01-17,19.31999969482422,19.3799991607666,18.399999618530273,19.3799991607666,16250
2023-01-18,17.860000610351562,19.3799991607666,17.399999618530273,19.200000762939453,15055
2023-01-19,17.600000381469727,17.799999237060547,16.399999618530273,17.459999084472656,11510
2023-01-20,19.3799991607666,19.3799991607666,18.200000762939453,19.0,20230
2023-01-23,19.0,19.3799991607666,18.600000381469727,19.200000762939453,15115
2023-01-24,19.200000762939453,19.600000381469727,18.299999237060547,19.0,16505
2023-01-25,19.600000381469727,19.68000030517578,18.799999237060547,19.200000762939453,8355
2023-01-26,21.0,21.600000381469727,19.700000762939453,19.700000762939453,29770
2023-01-27,22.799999237060547,23.0,21.200000762939453,21.399999618530273,35545
2023-01-30,22.799999237060547,23.399999618530273,22.0,23.0,17505
2023-01-31,23.399999618530273,23.399999618530273,22.899999618530273,23.200000762939453,11405
2023-02-01,22.799999237060547,23.399999618530273,22.399999618530273,23.399999618530273,16025
2023-02-02,22.799999237060547,23.600000381469727,22.0,23.399999618530273,24695
2023-02-03,22.399999618530273,23.200000762939453,22.0,23.0,13765
2023-02-06,21.600000381469727,22.0,20.5,22.0,13335
2023-02-07,21.0,21.600000381469727,20.799999237060547,21.600000381469727,8590
2023-02-08,20.399999618530273,21.399999618530273,20.200000762939453,21.399999618530273,9945
2023-02-09,18.719999313354492,20.399999618530273,18.420000076293945,20.200000762939453,18455
2023-02-10,17.860000610351562,18.799999237060547,17.0,18.799999237060547,17080
2023-02-13,17.399999618530273,18.780000686645508,16.5,18.399999618530273,15810
2023-02-14,17.579999923706055,17.600000381469727,17.0,17.200000762939453,9895
2023-02-15,17.440000534057617,18.0,16.799999237060547,17.799999237060547,17770
2023-02-16,17.200000762939453,17.600000381469727,16.399999618530273,17.040000915527344,13490
2023-02-17,17.0,17.399999618530273,16.600000381469727,17.0,6385
2023-02-21,16.200000762939453,17.200000762939453,16.059999465942383,17.0,16175
2023-02-22,15.800000190734863,17.0,15.619999885559082,16.0,9925
2023-02-23,15.579999923706055,16.200000762939453,15.420000076293945,16.0,17005
2023-02-24,14.0,15.960000038146973,13.920000076293945,15.399999618530273,35850
2023-02-27,14.0,14.800000190734863,13.619999885559082,14.800000190734863,32435
2023-02-28,13.199999809265137,14.0,13.0,14.0,104795
2023-03-01,14.260000228881836,14.399999618530273,13.0,13.600000381469727,26130
2023-03-02,14.399999618530273,14.600000381469727,14.0,14.399999618530273,12315
2023-03-03,14.800000190734863,15.0,14.579999923706055,14.579999923706055,13705
2023-03-06,14.760000228881836,15.0,14.5,14.600000381469727,7605
2023-03-07,13.260000228881836,14.800000190734863,13.15999984741211,14.15999984741211,50045
2023-03-08,13.720000267028809,14.399999618530273,13.720000267028809,14.0,19720
2023-03-09,13.0600004196167,14.180000305175781,13.0,14.180000305175781,11225
2023-03-10,12.5,13.600000381469727,12.0,13.0600004196167,51250
2023-03-13,12.300000190734863,13.0,12.15999984741211,12.600000381469727,15865
2023-03-14,11.420000076293945,12.600000381469727,11.420000076293945,12.039999961853027,38750
2023-03-15,11.579999923706055,11.920000076293945,11.220000267028809,11.800000190734863,25430
2023-03-16,11.680000305175781,12.34000015258789,11.5,12.0,19655
2023-03-17,11.020000457763672,12.0,11.020000457763672,11.720000267028809,23775
2023-03-20,10.899999618530273,11.220000267028809,10.819999694824219,11.020000457763672,24370
2023-03-21,11.239999771118164,11.460000038146973,10.819999694824219,10.819999694824219,15095
2023-03-22,11.579999923706055,11.800000190734863,11.199999809265137,11.239999771118164,10120
2023-03-23,11.800000190734863,12.100000381469727,11.600000381469727,11.600000381469727,8810
2023-03-24,11.020000457763672,11.760000228881836,11.0,11.399999618530273,15430
2023-03-27,11.199999809265137,11.65999984741211,11.0,11.600000381469727,29270
2023-03-28,11.380000114440918,11.600000381469727,11.039999961853027,11.380000114440918,11390
2023-03-29,12.0,12.5600004196167,11.199999809265137,11.399999618530273,14260
2023-03-30,12.199999809265137,12.720000267028809,12.0600004196167,12.199999809265137,10455
2023-03-31,11.899999618530273,12.600000381469727,11.720000267028809,12.600000381469727,10645
2023-04-03,11.720000267028809,12.0,11.600000381469727,11.600000381469727,5835
2023-04-04,11.460000038146973,12.0,11.460000038146973,11.699999809265137,8405
2023-04-05,11.020000457763672,11.960000038146973,11.0,11.399999618530273,7525
2023-04-06,11.279999732971191,11.5,11.020000457763672,11.199999809265137,5470
2023-04-10,12.100000381469727,12.100000381469727,11.199999809265137,11.5600004196167,8895
2023-04-11,11.720000267028809,12.100000381469727,11.699999809265137,12.0,7570
2023-04-12,11.800000190734863,12.100000381469727,11.199999809265137,12.0,8040
2023-04-13,11.899999618530273,12.140000343322754,11.399999618530273,11.399999618530273,12400
2023-04-14,11.539999961853027,12.199999809265137,11.199999809265137,12.199999809265137,17590
2023-04-17,11.300000190734863,11.899999618530273,11.220000267028809,11.5,11300
2023-04-18,11.479999542236328,11.760000228881836,11.199999809265137,11.600000381469727,6255
2023-04-19,11.520000457763672,11.600000381469727,11.239999771118164,11.239999771118164,4125
2023-04-20,11.300000190734863,11.520000457763672,11.300000190734863,11.520000457763672,6505
2023-04-21,11.479999542236328,11.579999923706055,11.260000228881836,11.579999923706055,5030
2023-04-24,11.399999618530273,11.899999618530273,11.399999618530273,11.399999618530273,8340
2023-04-25,11.079999923706055,11.600000381469727,11.039999961853027,11.399999618530273,8600
2023-04-26,11.279999732971191,11.399999618530273,11.039999961853027,11.199999809265137,4365
2023-04-27,10.819999694824219,11.300000190734863,10.819999694824219,11.199999809265137,13630
2023-04-28,10.84000015258789,11.0,10.779999732971191,10.819999694824219,10755
2023-05-01,10.819999694824219,11.199999809265137,10.800000190734863,10.800000190734863,11385
2023-05-02,10.880000114440918,11.239999771118164,10.699999809265137,11.239999771118164,11575
2023-05-03,11.039999961853027,11.359999656677246,10.800000190734863,10.880000114440918,13360
2023-05-04,10.699999809265137,10.979999542236328,10.619999885559082,10.779999732971191,10115
2023-05-05,10.899999618530273,10.979999542236328,10.619999885559082,10.699999809265137,8250
2023-05-08,10.760000228881836,11.0,10.619999885559082,10.619999885559082,10475
2023-05-09,10.680000305175781,10.800000190734863,10.619999885559082,10.800000190734863,5090
2023-05-10,10.619999885559082,10.699999809265137,10.619999885559082,10.680000305175781,7555
2023-05-11,10.619999885559082,10.800000190734863,10.619999885559082,10.779999732971191,10250
2023-05-12,10.0600004196167,10.65999984741211,10.0600004196167,10.619999885559082,13975
2023-05-15,10.279999732971191,10.600000381469727,10.0600004196167,10.0600004196167,8715
2023-05-16,9.699999809265137,10.399999618530273,9.600000381469727,10.399999618530273,17135
2023-05-17,9.760000228881836,10.0,9.600000381469727,9.800000190734863,11455
2023-05-18,9.760000228881836,9.960000038146973,9.65999984741211,9.859999656677246,6350
2023-05-19,9.9399995803833,9.979999542236328,9.65999984741211,9.65999984741211,8085
2023-05-22,9.960000038146973,10.0,9.600000381469727,10.0,12030
2023-05-23,10.260000228881836,10.600000381469727,9.899999618530273,10.0,17915
2023-05-24,9.84000015258789,10.279999732971191,9.819999694824219,10.279999732971191,6475
2023-05-25,9.420000076293945,10.0,9.399999618530273,10.0,12090
2023-05-26,9.84000015258789,10.0,9.5,9.600000381469727,8470
2023-05-30,10.0,10.199999809265137,9.600000381469727,9.600000381469727,5655
2023-05-31,9.699999809265137,10.140000343322754,9.600000381469727,10.020000457763672,6695
2023-06-01,9.460000038146973,9.800000190734863,9.199999809265137,9.800000190734863,17830
2023-06-02,7.900000095367432,9.600000381469727,7.619999885559082,9.399999618530273,108560
2023-06-05,7.159999847412109,8.140000343322754,7.159999847412109,7.840000152587891,67895
2023-06-06,7.28000020980835,7.420000076293945,7.119999885559082,7.400000095367432,26460
2023-06-07,7.179999828338623,7.71999979019165,7.159999847412109,7.599999904632568,20710
2023-06-08,7.480000019073486,7.559999942779541,7.179999828338623,7.559999942779541,17015
2023-06-09,7.199999809265137,7.699999809265137,7.139999866485596,7.599999904632568,24565
2023-06-12,7.139999866485596,7.460000038146973,7.019999980926514,7.199999809265137,22155
2023-06-13,7.199999809265137,7.300000190734863,7.099999904632568,7.199999809265137,17200
2023-06-14,7.300000190734863,7.599999904632568,7.239999771118164,7.400000095367432,27315
2023-06-15,7.840000152587891,8.199999809265137,7.300000190734863,7.599999904632568,32645
2023-06-16,8.0,8.600000381469727,7.480000019073486,8.600000381469727,27125
2023-06-20,7.699999809265137,8.399999618530273,7.519999980926514,8.0,26465
2023-06-21,7.659999847412109,7.820000171661377,7.460000038146973,7.539999961853027,13005
2023-06-22,7.599999904632568,7.800000190734863,7.400000095367432,7.659999847412109,8870
2023-06-23,7.239999771118164,7.860000133514404,7.239999771118164,7.860000133514404,15325
2023-06-26,7.400000095367432,7.599999904632568,7.0,7.519999980926514,22420
2023-06-27,7.199999809265137,7.400000095367432,7.099999904632568,7.400000095367432,12910
2023-06-28,7.059999942779541,7.480000019073486,7.059999942779541,7.199999809265137,28640
2023-06-29,6.980000019073486,7.199999809265137,6.900000095367432,7.019999980926514,21660
2023-06-30,7.099999904632568,7.300000190734863,6.940000057220459,7.0,28330
2023-07-03,7.239999771118164,7.400000095367432,7.019999980926514,7.360000133514404,23905
2023-07-05,7.260000228881836,7.400000095367432,7.099999904632568,7.400000095367432,22350
2023-07-06,7.199999809265137,7.199999809265137,7.099999904632568,7.099999904632568,11875
2023-07-07,7.21999979019165,7.28000020980835,7.119999885559082,7.119999885559082,10195
2023-07-10,7.800000190734863,7.960000038146973,7.21999979019165,7.260000228881836,47300
2023-07-11,7.699999809265137,8.0,7.619999885559082,7.900000095367432,29690
2023-07-12,8.0,8.199999809265137,7.619999885559082,7.659999847412109,20810
2023-07-13,7.619999885559082,8.199999809265137,7.5,7.800000190734863,38625
2023-07-14,7.519999980926514,7.900000095367432,7.420000076293945,7.599999904632568,20935
2023-07-17,7.400000095367432,7.599999904632568,7.239999771118164,7.599999904632568,22425
2023-07-18,7.539999961853027,7.659999847412109,7.239999771118164,7.300000190734863,10010
2023-07-19,7.800000190734863,7.940000057220459,7.599999904632568,7.599999904632568,22265
2023-07-20,7.679999828338623,7.880000114440918,7.599999904632568,7.800000190734863,5890
2023-07-21,8.079999923706055,8.180000305175781,7.639999866485596,7.639999866485596,14860
2023-07-24,8.039999961853027,8.15999984741211,7.800000190734863,8.020000457763672,7230
2023-07-25,7.619999885559082,8.079999923706055,7.599999904632568,8.0,27455
2023-07-26,7.78000020980835,7.860000133514404,7.5,7.699999809265137,22705
2023-07-27,7.619999885559082,7.78000020980835,7.599999904632568,7.699999809265137,10435
2023-07-28,7.460000038146973,7.78000020980835,7.400000095367432,7.639999866485596,28160
2023-07-31,7.739999771118164,8.0,7.599999904632568,7.599999904632568,35070
2023-08-01,7.0,8.0,7.0,8.0,63105
2023-08-02,6.420000076293945,7.400000095367432,6.260000228881836,7.019999980926514,69060
2023-08-03,6.21999979019165,6.659999847412109,6.21999979019165,6.400000095367432,28780
2023-08-04,5.679999828338623,6.78000020980835,5.619999885559082,6.360000133514404,86415
2023-08-07,5.179999828338623,6.099999904632568,5.119999885559082,6.099999904632568,80735
2023-08-08,5.699999809265137,5.800000190734863,5.139999866485596,5.199999809265137,39845
2023-08-09,5.619999885559082,5.699999809265137,5.400000095367432,5.699999809265137,20905
2023-08-10,5.699999809265137,6.0,5.420000076293945,5.820000171661377,25945
2023-08-11,5.380000114440918,5.699999809265137,5.320000171661377,5.699999809265137,25735
2023-08-14,5.440000057220459,5.599999904632568,5.28000020980835,5.599999904632568,28925
2023-08-15,5.260000228881836,5.420000076293945,5.119999885559082,5.300000190734863,28665
2023-08-16,5.099999904632568,5.78000020980835,5.039999961853027,5.78000020980835,32345
2023-08-17,4.880000114440918,5.400000095367432,4.840000152587891,5.199999809265137,31735
2023-08-18,4.579999923706055,5.0,4.519999980926514,4.880000114440918,55005
2023-08-21,4.579999923706055,4.800000190734863,4.400000095367432,4.599999904632568,29960
2023-08-22,4.5,4.739999771118164,4.420000076293945,4.739999771118164,30495
2023-08-23,4.519999980926514,4.739999771118164,4.420000076293945,4.739999771118164,13620
2023-08-24,4.679999828338623,4.699999809265137,4.519999980926514,4.639999866485596,19565
2023-08-25,4.800000190734863,5.0,4.619999885559082,5.0,11195
2023-08-28,5.159999847412109,5.159999847412109,4.800000190734863,5.159999847412109,18395
2023-08-29,5.579999923706055,5.599999904632568,5.019999980926514,5.380000114440918,29165
2023-08-30,5.480000019073486,5.800000190734863,5.400000095367432,5.78000020980835,12550
2023-08-31,5.480000019073486,5.820000171661377,5.300000190734863,5.800000190734863,15575
2023-09-01,5.179999828338623,5.5,5.099999904632568,5.5,16970
2023-09-05,5.199999809265137,5.320000171661377,5.039999961853027,5.199999809265137,13645
2023-09-06,5.139999866485596,5.400000095367432,5.0,5.199999809265137,6440
2023-09-07,4.840000152587891,5.800000190734863,4.820000171661377,5.800000190734863,16680
2023-09-08,4.699999809265137,4.880000114440918,4.659999847412109,4.820000171661377,11685
2023-09-11,4.739999771118164,4.860000133514404,4.599999904632568,4.800000190734863,11905
2023-09-12,4.760000228881836,5.0,4.699999809265137,4.78000020980835,8370
2023-09-13,5.0,5.0,4.71999979019165,4.940000057220459,11630
2023-09-14,4.980000019073486,5.0,4.71999979019165,4.940000057220459,8660
2023-09-15,5.0,5.0,4.71999979019165,4.960000038146973,22505
2023-09-18,4.960000038146973,4.960000038146973,4.739999771118164,4.860000133514404,16465
2023-09-19,5.0,5.0,4.800000190734863,5.0,8915
2023-09-20,4.820000171661377,5.0,4.800000190734863,5.0,9115
2023-09-21,4.880000114440918,4.940000057220459,4.599999904632568,4.599999904632568,6785
2023-09-22,4.880000114440918,4.960000038146973,4.699999809265137,4.699999809265137,5220
2023-09-25,4.699999809265137,4.800000190734863,4.659999847412109,4.659999847412109,6375
2023-09-26,4.760000228881836,4.900000095367432,4.71999979019165,4.820000171661377,6710
2023-09-27,4.599999904632568,4.940000057220459,4.559999942779541,4.800000190734863,18070
2023-09-28,4.599999904632568,4.800000190734863,4.519999980926514,4.599999904632568,8265
2023-09-29,4.78000020980835,4.980000019073486,4.599999904632568,4.980000019073486,4660
2023-10-02,4.619999885559082,4.78000020980835,4.440000057220459,4.760000228881836,14005
2023-10-03,4.440000057220459,4.619999885559082,4.360000133514404,4.420000076293945,13745
2023-10-04,5.400000095367432,6.139999866485596,4.28000020980835,4.440000057220459,231630
2023-10-05,5.159999847412109,5.400000095367432,5.0,5.400000095367432,22495
2023-10-06,4.860000133514404,5.059999942779541,4.800000190734863,5.0,13920
2023-10-09,4.5,5.0,4.28000020980835,5.0,29975
2023-10-10,4.699999809265137,4.820000171661377,4.5,4.760000228881836,7535
2023-10-11,4.460000038146973,4.739999771118164,4.460000038146973,4.599999904632568,10000
2023-10-12,4.599999904632568,4.679999828338623,4.400000095367432,4.400000095367432,10575
2023-10-13,4.099999904632568,4.440000057220459,4.099999904632568,4.400000095367432,59630
2023-10-16,4.170000076293945,4.318999767303467,3.5999999046325684,3.5999999046325684,107700
2023-10-17,3.7200000286102295,4.230000019073486,3.7100000381469727,4.050000190734863,50200
2023-10-18,4.059999942779541,4.059999942779541,3.5999999046325684,3.619999885559082,45400
2023-10-19,3.690000057220459,4.070000171661377,3.680999994277954,4.070000171661377,39300
2023-10-20,3.380000114440918,3.640000104904175,3.309999942779541,3.5999999046325684,58400
2023-10-23,3.430000066757202,3.5199999809265137,3.299999952316284,3.299999952316284,42400
2023-10-24,3.119999885559082,3.4800000190734863,3.0899999141693115,3.4200000762939453,23400
2023-10-25,2.7300000190734863,3.0999999046325684,2.7300000190734863,3.0299999713897705,44000
2023-10-26,2.561000108718872,2.680000066757202,2.5399999618530273,2.6700000762939453,50200
2023-10-27,2.359999895095825,2.5199999809265137,2.302000045776367,2.5199999809265137,46800
2023-10-30,2.390000104904175,2.436000108718872,2.2829999923706055,2.3499999046325684,24200
2023-10-31,2.259999990463257,2.390000104904175,2.200000047683716,2.382999897003174,46900
2023-11-01,2.303999900817871,2.450000047683716,2.25,2.25,52300
2023-11-02,2.75,2.7909998893737793,2.2699999809265137,2.2699999809265137,73200
2023-11-03,2.950000047683716,3.071000099182129,2.680000066757202,2.75,54000
2023-11-06,2.6700000762939453,2.9800000190734863,2.5999999046325684,2.9800000190734863,35300
2023-11-07,2.9600000381469727,3.0399999618530273,2.740000009536743,2.819999933242798,67500
2023-11-08,2.6700000762939453,2.9600000381469727,2.6700000762939453,2.8399999141693115,58400
2023-11-09,2.609999895095825,2.7300000190734863,2.5899999141693115,2.7300000190734863,20200
2023-11-10,2.299999952316284,2.624000072479248,2.25,2.619999885559082,88400
2023-11-13,2.1500000953674316,2.38100004196167,2.1500000953674316,2.3499999046325684,16900
2023-11-14,2.119999885559082,2.299999952316284,2.069999933242798,2.299999952316284,51300
2023-11-15,1.9500000476837158,2.1500000953674316,1.899999976158142,2.0799999237060547,93500
2023-11-16,1.75,1.9420000314712524,1.7200000286102295,1.850000023841858,79700
2023-11-17,1.7699999809265137,1.8140000104904175,1.7100000381469727,1.7699999809265137,32200
2023-11-20,1.7790000438690186,1.7999999523162842,1.7100000381469727,1.7699999809265137,41000
2023-11-21,1.5700000524520874,1.7999999523162842,1.5700000524520874,1.7699999809265137,73200
2023-11-22,2.109999895095825,2.140000104904175,1.600000023841858,1.649999976158142,170600
2023-11-24,2.240000009536743,2.240000009536743,2.0,2.109999895095825,55700
2023-11-27,2.259999990463257,2.4100000858306885,2.1700000762939453,2.319999933242798,57400
2023-11-28,1.8070000410079956,2.2300000190734863,1.7999999523162842,2.2300000190734863,128400
2023-11-29,1.8300000429153442,1.899999976158142,1.8200000524520874,1.899999976158142,29700
2023-11-30,1.7100000381469727,1.8300000429153442,1.684999942779541,1.8300000429153442,47800
2023-12-01,1.9500000476837158,2.0,1.7200000286102295,1.7400000095367432,69700
2023-12-04,2.5199999809265137,2.7769999504089355,1.9700000286102295,2.0399999618530273,173500
2023-12-05,2.6700000762939453,2.7699999809265137,2.4200000762939453,2.5399999618530273,79400
2023-12-06,3.190000057220459,3.380000114440918,2.700000047683716,2.700000047683716,148100
2023-12-07,3.7799999713897705,4.03000020980835,3.2300000190734863,3.2899999618530273,223400
2023-12-08,3.009999990463257,3.9700000286102295,2.930000066757202,3.75,197300
2023-12-11,2.2799999713897705,3.049999952316284,2.25600004196167,3.0,140200
2023-12-12,2.134999990463257,2.390000104904175,2.009999990463257,2.390000104904175,65200
2023-12-13,2.130000114440918,2.440000057220459,1.9049999713897705,2.180000066757202,91400
2023-12-14,2.430000066757202,2.4800000190734863,2.130000114440918,2.140000104904175,156000
2023-12-15,2.259999990463257,2.3940000534057617,2.130000114440918,2.380000114440918,103900
2023-12-18,2.4200000762939453,2.4749999046325684,2.2200000286102295,2.259999990463257,54600
2023-12-19,2.440000057220459,2.7200000286102295,2.4000000953674316,2.4600000381469727,133100
2023-12-20,2.309999942779541,2.575000047683716,2.259999990463257,2.5299999713897705,49300
2023-12-21,2.380000114440918,2.440000057220459,2.322999954223633,2.440000057220459,37200
2023-12-22,2.299999952316284,2.4100000858306885,2.2750000953674316,2.4100000858306885,37800
2023-12-26,2.3399999141693115,2.369999885559082,2.1500000953674316,2.299999952316284,64400
2023-12-27,2.4200000762939453,2.4670000076293945,2.299999952316284,2.3299999237060547,94900
2023-12-28,2.930000066757202,2.990000009536743,2.4200000762939453,2.4200000762939453,191800
2023-12-29,2.8499999046325684,3.0,2.4600000381469727,3.0,137100
2024-01-02,2.7899999618530273,2.944999933242798,2.559999942779541,2.799999952316284,67500
2024-01-03,2.5799999237060547,2.806999921798706,2.4760000705718994,2.799999952316284,86300
2024-01-04,2.440000057220459,2.5799999237060547,2.3499999046325684,2.5799999237060547,58500
2024-01-05,2.359999895095825,2.4769999980926514,2.309999942779541,2.4600000381469727,36900
2024-01-08,2.390000104904175,2.4100000858306885,2.3499999046325684,2.4000000953674316,27200
2024-01-09,2.3499999046325684,2.4200000762939453,2.319999933242798,2.4000000953674316,56700
2024-01-10,2.309999942779541,2.440000057220459,2.259999990463257,2.433000087738037,26500
2024-01-11,2.299999952316284,2.3459999561309814,2.1700000762939453,2.309999942779541,30700
2024-01-12,2.299999952316284,2.3299999237060547,2.2200000286102295,2.309999942779541,24300
2024-01-16,2.140000104904175,2.2899999618530273,2.0799999237060547,2.259999990463257,33700
2024-01-17,2.0799999237060547,2.135999917984009,2.049999952316284,2.0899999141693115,18800
2024-01-18,1.9700000286102295,2.140000104904175,1.940000057220459,2.059999942779541,43800
2024-01-19,1.909999966621399,1.9800000190734863,1.8700000047683716,1.9800000190734863,46100
2024-01-22,2.4000000953674316,2.490000009536743,1.909999966621399,1.9600000381469727,133200
2024-01-23,2.4200000762939453,2.4800000190734863,2.2360000610351562,2.4000000953674316,75200
2024-01-24,2.299999952316284,2.4000000953674316,2.253000020980835,2.4000000953674316,18600
2024-01-25,2.359999895095825,2.359999895095825,2.259999990463257,2.309999942779541,24900
2024-01-26,2.4200000762939453,2.609999895095825,2.2699999809265137,2.380000114440918,41400
2024-01-29,2.640000104904175,2.700000047683716,2.4100000858306885,2.4600000381469727,63600
2024-01-30,2.5999999046325684,2.6659998893737793,2.5299999713897705,2.5999999046325684,13800
2024-01-31,2.5299999713897705,2.6700000762939453,2.5199999809265137,2.5999999046325684,22300
2024-02-01,2.490000009536743,2.6440000534057617,2.4509999752044678,2.6440000534057617,15700
2024-02-02,2.569999933242798,2.5820000171661377,2.4800000190734863,2.5230000019073486,44600
2024-02-05,2.4100000858306885,2.740000009536743,2.4100000858306885,2.740000009536743,23700
2024-02-06,2.4600000381469727,2.5399999618530273,2.4000000953674316,2.490000009536743,38800
2024-02-07,2.440000057220459,2.640000104904175,2.4100000858306885,2.4700000286102295,22400
2024-02-08,2.380000114440918,2.549999952316284,2.3510000705718994,2.4600000381469727,16600
2024-02-09,2.5899999141693115,2.630000114440918,2.3940000534057617,2.440000057220459,27300
2024-02-12,2.5199999809265137,2.7890000343322754,2.5199999809265137,2.569999933242798,48000
2024-02-13,2.5,2.5299999713897705,2.430000066757202,2.509999990463257,19200
2024-02-14,2.619999885559082,2.63100004196167,2.4230000972747803,2.490000009536743,28300
2024-02-15,2.450000047683716,2.6600000858306885,2.4049999713897705,2.609999895095825,34200
2024-02-16,2.3299999237060547,2.49399995803833,2.3299999237060547,2.4800000190734863,22900
2024-02-20,2.3499999046325684,2.4159998893737793,2.2799999713897705,2.3299999237060547,16700
2024-02-21,2.309999942779541,2.4230000972747803,2.299999952316284,2.369999885559082,15600
2024-02-22,2.3320000171661377,2.380000114440918,2.2799999713897705,2.359999895095825,23100
2024-02-23,2.309999942779541,2.369999885559082,2.2799999713897705,2.3299999237060547,7300
2024-02-26,2.259999990463257,2.3310000896453857,2.25,2.2799999713897705,15900
2024-02-27,2.430000066757202,2.5,2.259999990463257,2.259999990463257,28300
2024-02-28,2.440000057220459,2.5,2.3469998836517334,2.359999895095825,32400
2024-02-29,2.4000000953674316,2.490000009536743,2.4000000953674316,2.440000057220459,23000
2024-03-01,2.450000047683716,2.5,2.3499999046325684,2.4100000858306885,27800
2024-03-04,2.5199999809265137,2.5899999141693115,2.4100000858306885,2.5,42100
2024-03-05,2.4700000286102295,2.569999933242798,2.450000047683716,2.549999952316284,29400
2024-03-06,2.25,2.5,2.2019999027252197,2.4700000286102295,70600
2024-03-07,2.2899999618530273,2.450000047683716,2.200000047683716,2.200000047683716,46900
2024-03-08,2.190000057220459,2.4000000953674316,2.190000057220459,2.359999895095825,23600
2024-03-11,2.130000114440918,2.240000009536743,2.0999999046325684,2.1600000858306885,50500
2024-03-12,2.0799999237060547,2.2799999713897705,2.0,2.140000104904175,42500
2024-03-13,2.1500000953674316,2.309999942779541,2.0999999046325684,2.117000102996826,18600
2024-03-14,2.109999895095825,2.1470000743865967,2.0799999237060547,2.140000104904175,27100
2024-03-15,2.1600000858306885,2.240000009536743,2.119999885559082,2.190000057220459,33600
2024-03-18,2.240000009536743,2.25,2.1510000228881836,2.1700000762939453,23600
2024-03-19,2.1500000953674316,2.2200000286102295,2.109999895095825,2.2200000286102295,12800
2024-03-20,2.119999885559082,2.200000047683716,2.0950000286102295,2.1600000858306885,28100
2024-03-21,2.0899999141693115,2.1600000858306885,2.0799999237060547,2.109999895095825,18400
2024-03-22,2.0999999046325684,2.140000104904175,2.0799999237060547,2.0799999237060547,8800
2024-03-25,2.059999942779541,2.1700000762939453,2.0199999809265137,2.1700000762939453,30100
2024-03-26,2.009999990463257,2.135999917984009,1.9900000095367432,2.0899999141693115,29300
2024-03-27,1.9900000095367432,2.0399999618530273,1.9700000286102295,2.0399999618530273,22300
2024-03-28,2.0199999809265137,2.0199999809265137,1.9800000190734863,2.0,15300
2024-04-01,2.0199999809265137,2.0399999618530273,1.9199999570846558,2.0399999618530273,22400
2024-04-02,1.9900000095367432,2.009999990463257,1.9199999570846558,1.9800000190734863,14000
2024-04-03,1.9800000190734863,2.005000114440918,1.9500000476837158,1.9600000381469727,13600
2024-04-04,1.9299999475479126,2.009999990463257,1.899999976158142,1.9800000190734863,18500
2024-04-05,1.9500000476837158,1.9800000190734863,1.8799999952316284,1.9500000476837158,17100
2024-04-08,1.9199999570846558,2.0390000343322754,1.871999979019165,1.9700000286102295,15100
2024-04-09,1.8700000047683716,1.9900000095367432,1.850000023841858,1.940000057220459,19400
2024-04-10,1.7799999713897705,1.9190000295639038,1.7699999809265137,1.8700000047683716,16600
2024-04-11,1.7899999618530273,1.8350000381469727,1.75,1.7899999618530273,17000
2024-04-12,1.8600000143051147,1.899999976158142,1.7000000476837158,1.7699999809265137,57000
2024-04-15,1.75,1.8899999856948853,1.7300000190734863,1.8899999856948853,8100
2024-04-16,1.7400000095367432,1.7999999523162842,1.7300000190734863,1.7949999570846558,8300
2024-04-17,1.7480000257492065,1.7799999713897705,1.7200000286102295,1.753999948501587,4900
2024-04-18,1.75,1.7699999809265137,1.7100000381469727,1.7200000286102295,14600
2024-04-19,1.7200000286102295,1.75,1.6950000524520874,1.725000023841858,16400
2024-04-22,1.7300000190734863,1.75,1.659999966621399,1.7200000286102295,8300
2024-04-23,1.8300000429153442,1.8300000429153442,1.7280000448226929,1.75,7200
2024-04-24,1.8200000524520874,1.8200000524520874,1.7200000286102295,1.809999942779541,3800
2024-04-25,1.850000023841858,1.850000023841858,1.7899999618530273,1.7899999618530273,6200
2024-04-26,1.9500000476837158,1.9500000476837158,1.8200000524520874,1.8200000524520874,5000
2024-04-29,1.940000057220459,1.968000054359436,1.8899999856948853,1.9600000381469727,8500
2024-04-30,1.9199999570846558,1.9600000381469727,1.8700000047683716,1.899999976158142,8100
2024-05-01,1.9600000381469727,1.9670000076293945,1.75,1.840000033378601,11500
2024-05-02,1.9730000495910645,1.9800000190734863,1.7699999809265137,1.9299999475479126,11900
2024-05-03,1.9700000286102295,1.9800000190734863,1.899999976158142,1.9500000476837158,11700
2024-05-06,1.8899999856948853,1.9700000286102295,1.8899999856948853,1.9700000286102295,12800
2024-05-07,1.8799999952316284,1.9249999523162842,1.8300000429153442,1.8799999952316284,10200
2024-05-08,1.809999942779541,1.8760000467300415,1.7599999904632568,1.850000023841858,9000
2024-05-09,1.850000023841858,1.8739999532699585,1.7899999618530273,1.7899999618530273,3500
2024-05-10,1.8799999952316284,1.9630000591278076,1.7699999809265137,1.7899999618530273,10700
2024-05-13,1.850000023841858,1.899999976158142,1.7999999523162842,1.7999999523162842,5400
2024-05-14,2.0369999408721924,2.1700000762939453,1.8609999418258667,1.940000057220459,45800
2024-05-15,1.9950000047683716,2.056999921798706,1.9299999475479126,1.9800000190734863,9000
2024-05-16,1.99399995803833,2.0280001163482666,1.812000036239624,1.9459999799728394,21000
2024-05-17,1.8200000524520874,2.0,1.8200000524520874,1.9500000476837158,17000
2024-05-20,1.899999976158142,1.940000057220459,1.8309999704360962,1.850000023841858,27200
2024-05-21,1.9270000457763672,1.9900000095367432,1.8600000143051147,1.8600000143051147,9000
2024-05-22,1.909999966621399,2.0,1.8899999856948853,1.9550000429153442,14100
2024-05-23,1.8700000047683716,1.909999966621399,1.850000023841858,1.909999966621399,9300
2024-05-24,1.850000023841858,1.8899999856948853,1.7999999523162842,1.7999999523162842,16900
2024-05-28,1.840000033378601,1.9739999771118164,1.8200000524520874,1.8799999952316284,10000
2024-05-29,1.8200000524520874,1.8769999742507935,1.7999999523162842,1.850000023841858,12600
2024-05-30,1.7999999523162842,1.8799999952316284,1.7699999809265137,1.8799999952316284,26800
2024-05-31,1.75,1.8600000143051147,1.75,1.809999942779541,17300
2024-06-03,1.7400000095367432,1.7799999713897705,1.6699999570846558,1.7799999713897705,25300
2024-06-04,1.7549999952316284,1.809999942779541,1.6820000410079956,1.7100000381469727,19900
2024-06-05,1.7999999523162842,1.8799999952316284,1.7200000286102295,1.7300000190734863,17600
2024-06-06,1.840000033378601,1.8530000448226929,1.7699999809265137,1.7699999809265137,6000
2024-06-07,1.840000033378601,1.8819999694824219,1.7799999713897705,1.781999945640564,5100
2024-06-10,1.7999999523162842,1.8300000429153442,1.7599999904632568,1.7599999904632568,13500
2024-06-11,1.8200000524520874,1.840000033378601,1.7699999809265137,1.809999942779541,11500
2024-06-12,1.8200000524520874,1.8339999914169312,1.7799999713897705,1.8200000524520874,2900
2024-06-13,1.784999966621399,1.8300000429153442,1.7699999809265137,1.7929999828338623,4900
2024-06-14,1.75,1.8200000524520874,1.75,1.75,12100
2024-06-17,1.7050000429153442,1.75,1.7000000476837158,1.7300000190734863,11600
2024-06-18,1.6699999570846558,1.7200000286102295,1.6699999570846558,1.7000000476837158,11100
2024-06-20,1.6799999475479126,1.7899999618530273,1.6699999570846558,1.7200000286102295,19300
2024-06-21,1.7200000286102295,1.7289999723434448,1.6759999990463257,1.7000000476837158,9500
2024-06-24,1.7400000095367432,1.7899999618530273,1.649999976158142,1.7899999618530273,31900
2024-06-25,1.649999976158142,1.7400000095367432,1.6200000047683716,1.659999966621399,37400
2024-06-26,1.6319999694824219,1.6749999523162842,1.6319999694824219,1.659999966621399,6900
2024-06-27,1.659999966621399,1.659999966621399,1.600000023841858,1.659999966621399,11500
2024-06-28,1.6100000143051147,1.659999966621399,1.5299999713897705,1.659999966621399,28200
2024-07-01,1.6200000047683716,1.6699999570846558,1.5700000524520874,1.6699999570846558,18300
2024-07-02,1.590000033378601,1.6699999570846558,1.5800000429153442,1.6699999570846558,8200
2024-07-03,1.6399999856948853,1.6649999618530273,1.5700000524520874,1.600000023841858,9300
2024-07-05,1.6799999475479126,1.6799999475479126,1.590000033378601,1.600000023841858,24000
2024-07-08,1.690000057220459,1.7000000476837158,1.6399999856948853,1.7000000476837158,13100
2024-07-09,1.690000057220459,1.7899999618530273,1.659999966621399,1.659999966621399,27600
2024-07-10,1.7200000286102295,1.7589999437332153,1.690000057220459,1.7200000286102295,23600
2024-07-11,1.7999999523162842,1.840000033378601,1.7300000190734863,1.7300000190734863,12300
2024-07-12,1.840000033378601,1.940000057220459,1.7899999618530273,1.7999999523162842,38000
2024-07-15,1.7699999809265137,1.8899999856948853,1.75,1.850000023841858,17200
2024-07-16,1.7400000095367432,1.8200000524520874,1.7100000381469727,1.809999942779541,14200
2024-07-17,1.7450000047683716,1.7869999408721924,1.7100000381469727,1.7400000095367432,8800
2024-07-18,1.6799999475479126,1.725000023841858,1.6799999475479126,1.725000023841858,11900
2024-07-19,1.6299999952316284,1.7000000476837158,1.6299999952316284,1.6799999475479126,4800
2024-07-22,1.5800000429153442,1.6699999570846558,1.5800000429153442,1.649999976158142,13900
2024-07-23,1.6299999952316284,1.6380000114440918,1.5800000429153442,1.6089999675750732,8600
2024-07-24,1.649999976158142,1.649999976158142,1.590000033378601,1.590000033378601,6600
2024-07-25,1.6299999952316284,1.7100000381469727,1.5800000429153442,1.6200000047683716,37800
2024-07-26,1.6749999523162842,1.7100000381469727,1.6299999952316284,1.6449999809265137,8800
2024-07-29,1.7300000190734863,1.7400000095367432,1.6699999570846558,1.690000057220459,5900
2024-07-30,1.590000033378601,1.7000000476837158,1.5299999713897705,1.6399999856948853,38900
2024-07-31,1.6399999856948853,1.7000000476837158,1.5700000524520874,1.5700000524520874,12000
2024-08-01,1.7300000190734863,1.7699999809265137,1.5700000524520874,1.6299999952316284,27000
2024-08-02,1.6799999475479126,1.7699999809265137,1.6299999952316284,1.6399999856948853,17000
2024-08-05,1.6610000133514404,1.7100000381469727,1.5299999713897705,1.5499999523162842,37800
2024-08-06,1.3899999856948853,1.5499999523162842,1.3300000429153442,1.4900000095367432,57100
2024-08-07,1.340000033378601,1.4600000381469727,1.3300000429153442,1.4600000381469727,25200
2024-08-08,1.3899999856948853,1.5499999523162842,1.3200000524520874,1.4199999570846558,40000
2024-08-09,1.4199999570846558,1.4199999570846558,1.340000033378601,1.3600000143051147,19900
2024-08-12,1.3300000429153442,1.4299999475479126,1.3300000429153442,1.409999966621399,21900
2024-08-13,1.2899999618530273,1.399999976158142,1.2640000581741333,1.3200000524520874,43300
2024-08-14,1.2050000429153442,1.3300000429153442,1.2000000476837158,1.309999942779541,27000
2024-08-15,1.1100000143051147,1.2300000190734863,1.100000023841858,1.2300000190734863,56700
2024-08-16,1.11899995803833,1.1540000438690186,1.0700000524520874,1.100000023841858,23400
2024-08-19,1.059999942779541,1.2000000476837158,1.0499999523162842,1.1299999952316284,85200
2024-08-20,0.9399999976158142,1.0800000429153442,0.9129999876022339,1.0800000429153442,41100
2024-08-21,0.9200000166893005,0.9599999785423279,0.9100000262260437,0.949999988079071,49400
2024-08-22,0.8579999804496765,0.9300000071525574,0.8399999737739563,0.9200000166893005,40400
2024-08-23,0.8989999890327454,0.8989999890327454,0.8149999976158142,0.8700000047683716,28400
2024-08-26,0.878000020980835,0.9309999942779541,0.8569999933242798,0.8999999761581421,22100
2024-08-27,0.8970000147819519,0.9269999861717224,0.8700000047683716,0.8840000033378601,35600
2024-08-28,0.8899999856948853,0.9139999747276306,0.8700000047683716,0.8999999761581421,10400
2024-08-29,0.9900000095367432,1.0,0.9100000262260437,0.9100000262260437,56200
2024-08-30,1.024999976158142,1.0800000429153442,0.9700000286102295,0.9700000286102295,70300
2024-09-03,1.0199999809265137,1.1200000047683716,0.9430000185966492,1.1200000047683716,34700
2024-09-04,0.9990000128746033,1.0299999713897705,0.9309999942779541,1.0199999809265137,29600
2024-09-05,1.0099999904632568,1.0299999713897705,0.9800000190734863,1.0099999904632568,8900
2024-09-06,0.9800000190734863,1.0099999904632568,0.9750000238418579,1.0099999904632568,11000
2024-09-09,1.0499999523162842,1.0499999523162842,0.9779999852180481,0.9879999756813049,8600
2024-09-10,0.9380000233650208,1.0499999523162842,0.9369999766349792,1.0399999618530273,30300
2024-09-11,0.9779999852180481,1.0399999618530273,0.9359999895095825,1.0199999809265137,10400
2024-09-12,0.9649999737739563,1.0199999809265137,0.9369999766349792,1.0199999809265137,6400
2024-09-13,1.0,1.0,0.9599999785423279,0.9800000190734863,6300
2024-09-16,1.1699999570846558,1.2400000095367432,1.0,1.0,67100
2024-09-17,1.2300000190734863,1.25,1.1779999732971191,1.2000000476837158,20000
2024-09-18,1.2000000476837158,1.2999999523162842,1.2000000476837158,1.25,80900
2024-09-19,1.2799999713897705,1.6200000047683716,1.2100000381469727,1.2100000381469727,163400
2024-09-20,1.059999942779541,1.350000023841858,1.0299999713897705,1.2599999904632568,63600
2024-09-23,1.2200000286102295,1.3489999771118164,1.1200000047683716,1.1200000047683716,73400
2024-09-24,1.1699999570846558,1.309999942779541,1.149999976158142,1.1799999475479126,25200
2024-09-25,1.1030000448226929,1.190000057220459,1.059999942779541,1.1649999618530273,22300
2024-09-26,1.190000057220459,1.2000000476837158,1.1269999742507935,1.1399999856948853,13300
2024-09-27,1.2400000095367432,1.2699999809265137,1.1699999570846558,1.1699999570846558,11300
2024-09-30,1.2200000286102295,1.3370000123977661,1.1799999475479126,1.2400000095367432,22800
2024-10-01,1.2400000095367432,1.277999997138977,1.2120000123977661,1.2400000095367432,15900
2024-10-02,1.25,1.3300000429153442,1.2100000381469727,1.2699999809265137,31300
2024-10-03,1.2300000190734863,1.2899999618530273,1.2200000286102295,1.2599999904632568,14100
2024-10-04,1.2300000190734863,1.2860000133514404,1.2300000190734863,1.2599999904632568,6700
2024-10-07,1.2100000381469727,1.25,1.1699999570846558,1.2200000286102295,20300
2024-10-08,1.1699999570846558,1.2300000190734863,1.149999976158142,1.190000057220459,12000
2024-10-09,1.1100000143051147,1.1799999475479126,1.0800000429153442,1.149999976158142,10800
2024-10-10,1.149999976158142,1.149999976158142,1.1109999418258667,1.1330000162124634,12300
2024-10-11,1.1299999952316284,1.159999966621399,1.0950000286102295,1.100000023841858,20300
2024-10-14,1.159999966621399,1.1679999828338623,1.1200000047683716,1.1200000047683716,13700
2024-10-15,1.1950000524520874,1.1950000524520874,1.1399999856948853,1.149999976158142,7500
2024-10-16,1.2000000476837158,1.2000000476837158,1.159999966621399,1.2000000476837158,8700
2024-10-17,1.159999966621399,1.190000057220459,1.159999966621399,1.159999966621399,6700
2024-10-18,1.2000000476837158,1.2000000476837158,1.1640000343322754,1.1799999475479126,13100
2024-10-21,1.100000023841858,1.2000000476837158,1.100000023841858,1.2000000476837158,18000
2024-10-22,1.159999966621399,1.159999966621399,1.1200000047683716,1.1200000047683716,10400
2024-10-23,1.1399999856948853,1.1699999570846558,1.1109999418258667,1.149999976158142,11600
2024-10-24,1.100000023841858,1.1299999952316284,1.100000023841858,1.1100000143051147,11700
2024-10-25,1.149999976158142,1.149999976158142,1.1269999742507935,1.1299999952316284,10800
2024-10-28,1.2000000476837158,1.2000000476837158,1.1299999952316284,1.1799999475479126,10600
2024-10-29,1.1660000085830688,1.190000057220459,1.159999966621399,1.1699999570846558,6600
2024-10-30,1.190000057220459,1.2200000286102295,1.1610000133514404,1.190000057220459,15600
2024-10-31,1.190000057220459,1.2100000381469727,1.184000015258789,1.2000000476837158,8500
2024-11-01,1.1799999475479126,1.2089999914169312,1.1799999475479126,1.190000057220459,7100
2024-11-04,1.1399999856948853,1.1959999799728394,1.13100004196167,1.1699999570846558,9600
2024-11-05,1.149999976158142,1.149999976158142,1.1100000143051147,1.1200000047683716,10800
2024-11-06,1.100000023841858,1.149999976158142,1.090000033378601,1.1299999952316284,21200
2024-11-07,1.100000023841858,1.100000023841858,1.059999942779541,1.090000033378601,14600
2024-11-08,1.0700000524520874,1.1100000143051147,1.059999942779541,1.1100000143051147,13200
2024-11-11,1.0180000066757202,1.0700000524520874,1.0,1.059999942779541,41100
2024-11-12,1.0499999523162842,1.059999942779541,1.0199999809265137,1.0199999809265137,23700
2024-11-13,1.0199999809265137,1.0460000038146973,1.0099999904632568,1.0199999809265137,18500
2024-11-14,1.0210000276565552,1.0299999713897705,1.0199999809265137,1.0199999809265137,6000
2024-11-15,1.0,1.0199999809265137,1.0,1.0199999809265137,18600
2024-11-18,1.0049999952316284,1.0099999904632568,1.0,1.0099999904632568,15700
2024-11-19,0.9769999980926514,1.0499999523162842,0.9599999785423279,1.0099999904632568,22000
2024-11-20,0.9800000190734863,1.024999976158142,0.9800000190734863,1.0199999809265137,21000
2024-11-21,0.9710000157356262,0.9900000095367432,0.9520000219345093,0.9700000286102295,30700
2024-11-22,0.9359999895095825,0.949999988079071,0.9200000166893005,0.949999988079071,35900
2024-11-25,1.0099999904632568,1.0199999809265137,0.9010000228881836,0.9380000233650208,72400
2024-11-26,0.9900000095367432,1.0299999713897705,0.9649999737739563,0.9900000095367432,23400
2024-11-27,0.9649999737739563,1.0499999523162842,0.949999988079071,1.0199999809265137,46900
2024-11-29,0.9900000095367432,1.0299999713897705,0.9800000190734863,1.0,17200
2024-12-02,0.8999999761581421,1.0,0.8999999761581421,1.0,102900
2024-12-03,0.9300000071525574,0.9300000071525574,0.8799999952316284,0.9100000262260437,49600
2024-12-04,0.902999997138977,0.9300000071525574,0.8899999856948853,0.9300000071525574,22900
2024-12-05,0.8999999761581421,0.925000011920929,0.8799999952316284,0.9100000262260437,40300
2024-12-06,0.875,0.925000011920929,0.8700000047683716,0.8799999952316284,39600
2024-12-09,0.949999988079071,0.949999988079071,0.9100000262260437,0.9150000214576721,45200
2024-12-10,0.9290000200271606,0.9700000286102295,0.9100000262260437,0.9599999785423279,19600
2024-12-11,0.7129999995231628,0.8999999761581421,0.5699999928474426,0.8999999761581421,953600
2024-12-12,0.6119999885559082,0.7409999966621399,0.5740000009536743,0.6499999761581421,401000
2024-12-13,0.5709999799728394,0.6190000176429749,0.5600000023841858,0.6029999852180481,166300
2024-12-16,0.5799999833106995,0.6039999723434448,0.550000011920929,0.5600000023841858,74900
2024-12-17,0.5979999899864197,0.5989999771118164,0.5509999990463257,0.5799999833106995,88700
2024-12-18,0.5559999942779541,0.5960000157356262,0.5559999942779541,0.5889999866485596,46600
2024-12-19,0.5299999713897705,0.5590000152587891,0.5299999713897705,0.5389999747276306,53800
2024-12-20,0.5239999890327454,0.9950000047683716,0.4699999988079071,0.5299999713897705,5903800
2024-12-23,0.5809999704360962,0.949999988079071,0.5040000081062317,0.5040000081062317,8847800
2024-12-24,0.7260000109672546,0.8500000238418579,0.6740000247955322,0.699999988079071,5825500
2024-12-26,0.7609999775886536,0.7699999809265137,0.6460000276565552,0.718999981880188,698700
2024-12-27,0.6980000138282776,0.7409999966621399,0.6769999861717224,0.7409999966621399,216900
2024-12-30,0.6899999976158142,0.7149999737739563,0.6600000262260437,0.6610000133514404,245400
2024-12-31,0.6259999871253967,0.699999988079071,0.6000000238418579,0.6940000057220459,175800
2025-01-02,0.7900000214576721,0.8529999852180481,0.675000011920929,0.7149999737739563,1841700
2025-01-03,0.7889999747276306,0.8489999771118164,0.699999988079071,0.7900000214576721,411800
2025-01-06,0.7820000052452087,0.8379999995231628,0.753000020980835,0.7749999761581421,156000
2025-01-07,0.8100000023841858,0.8600000143051147,0.7799999713897705,0.800000011920929,226600
2025-01-08,0.7400000095367432,0.800000011920929,0.6470000147819519,0.7799999713897705,135300
2025-01-10,0.7710000276565552,0.800000011920929,0.7200000286102295,0.7549999952316284,185600
2025-01-13,0.7400000095367432,0.7599999904632568,0.6899999976158142,0.7599999904632568,159700
2025-01-14,0.7689999938011169,0.7799999713897705,0.703000009059906,0.7680000066757202,121700
2025-01-15,0.7590000033378601,0.8700000047683716,0.7099999785423279,0.7609999775886536,892400
2025-01-16,0.7979999780654907,0.800000011920929,0.7310000061988831,0.7310000061988831,123600
2025-01-17,0.7950000166893005,0.8500000238418579,0.753000020980835,0.8389999866485596,592500
2025-01-21,0.8939999938011169,0.9300000071525574,0.800000011920929,0.800000011920929,415000
2025-01-22,0.8799999952316284,0.9200000166893005,0.8199999928474426,0.8669999837875366,129100
2025-01-23,0.9020000100135803,0.9769999980926514,0.8500000238418579,0.8500000238418579,153100
2025-01-24,0.9269999861717224,0.9549999833106995,0.8700000047683716,0.9020000100135803,59700
2025-01-27,0.8169999718666077,0.8939999938011169,0.7860000133514404,0.8700000047683716,101500
2025-01-28,0.699999988079071,0.8500000238418579,0.6769999861717224,0.8500000238418579,236200
2025-01-29,0.6949999928474426,0.7120000123977661,0.6800000071525574,0.6890000104904175,38900
2025-01-30,0.6930000185966492,0.7369999885559082,0.6909999847412109,0.6949999928474426,78300
2025-01-31,0.718999981880188,0.7400000095367432,0.6909999847412109,0.7329999804496765,89300
2025-02-03,0.7670000195503235,0.7770000100135803,0.7099999785423279,0.7289999723434448,106900
2025-02-04,0.7820000052452087,0.7900000214576721,0.7440000176429749,0.7879999876022339,78300
2025-02-05,0.7649999856948853,0.7910000085830688,0.75,0.7699999809265137,83000
2025-02-06,0.75,0.7609999775886536,0.699999988079071,0.7570000290870667,99200
2025-02-07,0.7419999837875366,0.75,0.722000002861023,0.7279999852180481,55600
2025-02-10,0.75,0.7549999952316284,0.7279999852180481,0.7390000224113464,33300
2025-02-11,0.7590000033378601,0.7599999904632568,0.699999988079071,0.7400000095367432,28300
2025-02-12,0.7599999904632568,0.7770000100135803,0.7329999804496765,0.7459999918937683,25700
2025-02-13,0.75,0.7770000100135803,0.7400000095367432,0.75,43300
2025-02-14,0.7490000128746033,0.7590000033378601,0.7300000190734863,0.7300000190734863,25000
2025-02-18,0.7509999871253967,0.7670000195503235,0.7310000061988831,0.7390000224113464,40400
2025-02-19,0.7519999742507935,0.7620000243186951,0.7400000095367432,0.7400000095367432,24200
2025-02-20,0.7250000238418579,0.7419999837875366,0.7049999833106995,0.7409999966621399,36500
2025-02-21,0.7200000286102295,0.7480000257492065,0.7099999785423279,0.7400000095367432,15300
2025-02-24,0.6660000085830688,0.7200000286102295,0.6660000085830688,0.7200000286102295,69900
2025-02-25,0.6759999990463257,0.6779999732971191,0.6600000262260437,0.6669999957084656,39300
2025-02-26,0.6899999976158142,0.7200000286102295,0.6800000071525574,0.6800000071525574,10500
2025-02-27,0.7300000190734863,0.7300000190734863,0.6899999976158142,0.718999981880188,13800
2025-02-28,0.7279999852180481,0.7300000190734863,0.6660000085830688,0.6809999942779541,55400
2025-03-03,0.6610000133514404,0.718999981880188,0.6610000133514404,0.7099999785423279,20400
2025-03-04,0.6790000200271606,0.6899999976158142,0.6600000262260437,0.6600000262260437,16100
2025-03-05,0.6600000262260437,0.6980000138282776,0.6600000262260437,0.6800000071525574,19300
2025-03-06,0.6600000262260437,0.6800000071525574,0.6499999761581421,0.6600000262260437,19600
2025-03-07,0.6779999732971191,0.6899999976158142,0.6600000262260437,0.6800000071525574,12000
2025-03-10,0.6600000262260437,0.6800000071525574,0.6499999761581421,0.6600000262260437,37000
2025-03-11,0.6000000238418579,0.6309999823570251,0.6000000238418579,0.6140000224113464,66900
2025-03-12,0.621999979019165,0.6420000195503235,0.5720000267028809,0.5899999737739563,45700
2025-03-13,0.6230000257492065,0.6399999856948853,0.6100000143051147,0.6399999856948853,7400
2025-03-14,0.6449999809265137,0.6449999809265137,0.6179999709129333,0.6349999904632568,17000
2025-03-17,0.6200000047683716,0.6460000276565552,0.6200000047683716,0.6259999871253967,7800
2025-03-18,0.6000000238418579,0.6299999952316284,0.5910000205039978,0.621999979019165,13900
2025-03-19,0.6200000047683716,0.6299999952316284,0.5899999737739563,0.6019999980926514,7300
2025-03-20,0.593999981880188,0.6299999952316284,0.4950000047683716,0.6079999804496765,70300
2025-03-21,0.5699999928474426,0.5799999833106995,0.5400000214576721,0.5600000023841858,25300
2025-03-24,0.5709999799728394,0.5730000138282776,0.5440000295639038,0.5440000295639038,14500
2025-03-25,0.6769999861717224,0.7160000205039978,0.5690000057220459,0.5699999928474426,11927600
2025-03-26,1.0199999809265137,1.2799999713897705,0.7369999885559082,0.7850000262260437,44272100
2025-03-27,0.7699999809265137,1.0099999904632568,0.6620000004768372,0.9599999785423279,1433100
2025-03-28,0.699999988079071,0.7400000095367432,0.6830000281333923,0.7059999704360962,318200
2025-03-31,0.6890000104904175,0.6890000104904175,0.625,0.652999997138977,207600
2025-04-01,0.6650000214576721,0.7099999785423279,0.6150000095367432,0.6499999761581421,123700
2025-04-02,0.6899999976158142,0.7200000286102295,0.6650000214576721,0.6650000214576721,93100
2025-04-03,0.6620000004768372,0.718999981880188,0.6499999761581421,0.6840000152587891,126900
2025-04-04,0.640999972820282,0.6899999976158142,0.6209999918937683,0.6430000066757202,82700
2025-04-07,0.6539999842643738,0.6650000214576721,0.6200000047683716,0.6200000047683716,94300
2025-04-08,0.6620000004768372,0.6890000104904175,0.6259999871253967,0.6259999871253967,85900
2025-04-09,0.6399999856948853,0.7149999737739563,0.609000027179718,0.6449999809265137,261900
2025-04-10,0.621999979019165,0.6480000019073486,0.6200000047683716,0.6480000019073486,20500
2025-04-11,0.6399999856948853,0.6899999976158142,0.6179999709129333,0.628000020980835,38000
2025-04-14,0.652999997138977,0.6669999957084656,0.6209999918937683,0.6290000081062317,42100
2025-04-15,0.6899999976158142,0.6899999976158142,0.6309999823570251,0.6629999876022339,54700
2025-04-16,0.6499999761581421,0.6899999976158142,0.6309999823570251,0.6809999942779541,62500
2025-04-17,0.6499999761581421,0.6890000104904175,0.640999972820282,0.640999972820282,12200
2025-04-21,0.6370000243186951,0.6499999761581421,0.6200000047683716,0.640999972820282,14800
2025-04-22,0.6299999952316284,0.6620000004768372,0.6100000143051147,0.6230000257492065,34600
2025-04-23,0.6259999871253967,0.6679999828338623,0.6100000143051147,0.6309999823570251,26500
2025-04-24,0.6200000047683716,0.6579999923706055,0.6119999885559082,0.6549999713897705,14000
2025-04-25,0.6449999809265137,0.6510000228881836,0.6200000047683716,0.6399999856948853,14600
2025-04-28,0.6470000147819519,0.6769999861717224,0.6200000047683716,0.6320000290870667,74300
2025-04-29,0.6819999814033508,0.699999988079071,0.625,0.6499999761581421,34000
2025-04-30,0.6710000038146973,0.718999981880188,0.6510000228881836,0.6819999814033508,44100
2025-05-01,0.6510000228881836,0.6899999976158142,0.6499999761581421,0.6899999976158142,23200
2025-05-02,0.6600000262260437,0.6830000281333923,0.6349999904632568,0.6549999713897705,15900
2025-05-05,0.6399999856948853,0.6880000233650208,0.6340000033378601,0.6690000295639038,9900
2025-05-06,0.9399999976158142,0.9399999976158142,0.6309999823570251,0.6809999942779541,12141000
2025-05-07,0.7300000190734863,0.8100000023841858,0.6000000238418579,0.7139999866485596,518500
2025-05-08,0.6869999766349792,0.8199999928474426,0.609000027179718,0.6899999976158142,421000
2025-05-09,0.6600000262260437,0.7289999723434448,0.6449999809265137,0.6800000071525574,124900
2025-05-12,0.7580000162124634,0.7580000162124634,0.6299999952316284,0.6480000019073486,373400
2025-05-13,0.703000009059906,0.8799999952316284,0.699999988079071,0.7400000095367432,572000
2025-05-14,0.7900000214576721,0.8679999709129333,0.699999988079071,0.7049999833106995,415800
2025-05-15,0.765999972820282,0.8700000047683716,0.7300000190734863,0.765999972820282,507800
2025-05-16,0.781000018119812,0.8090000152587891,0.7419999837875366,0.7429999709129333,42400
2025-05-19,0.8190000057220459,0.8199999928474426,0.75,0.781000018119812,37900
2025-05-20,0.8240000009536743,0.8690000176429749,0.7979999780654907,0.8149999976158142,62600
2025-05-21,0.8960000276565552,0.9390000104904175,0.7979999780654907,0.7979999780654907,145400
2025-05-22,0.8460000157356262,0.9300000071525574,0.7879999876022339,0.8899999856948853,114700
2025-05-23,0.8479999899864197,0.8700000047683716,0.7839999794960022,0.8209999799728394,38200
2025-05-27,0.8700000047683716,0.8999999761581421,0.8199999928474426,0.8560000061988831,67800
2025-05-28,0.8479999899864197,0.8799999952316284,0.8119999766349792,0.8510000109672546,19400
2025-05-29,0.9160000085830688,0.9200000166893005,0.8330000042915344,0.8899999856948853,40500
2025-05-30,0.8199999928474426,0.9490000009536743,0.800000011920929,0.8769999742507935,342900
2025-06-02,0.8299999833106995,0.8600000143051147,0.7900000214576721,0.8479999899864197,24800
2025-06-03,0.8199999928474426,0.8370000123977661,0.781000018119812,0.7900000214576721,23100
2025-06-04,0.8180000185966492,0.8349999785423279,0.7860000133514404,0.7950000166893005,22400
2025-06-05,0.8100000023841858,0.8349999785423279,0.800000011920929,0.8190000057220459,12200
2025-06-06,0.7940000295639038,0.8600000143051147,0.7799999713897705,0.800000011920929,69300
2025-06-09,0.7649999856948853,0.8119999766349792,0.699999988079071,0.800000011920929,298600
2025-06-10,0.8820000290870667,0.9490000009536743,0.800000011920929,0.800000011920929,146700
2025-06-11,0.9100000262260437,0.9240000247955322,0.8600000143051147,0.8700000047683716,76800
2025-06-12,0.8339999914169312,0.9039999842643738,0.8220000267028809,0.9039999842643738,37000
2025-06-13,0.8109999895095825,0.8349999785423279,0.7950000166893005,0.8180000185966492,79000
2025-06-16,0.7850000262260437,0.8100000023841858,0.7799999713897705,0.7900000214576721,46800
2025-06-17,0.7540000081062317,0.8199999928474426,0.7200000286102295,0.8090000152587891,281500
2025-06-18,0.7910000085830688,0.8450000286102295,0.7450000047683716,0.7599999904632568,757600
2025-06-20,0.7990000247955322,0.8700000047683716,0.7799999713897705,0.8119999766349792,292800
2025-06-23,0.7820000052452087,0.9100000262260437,0.75,0.800000011920929,1040400
2025-06-24,0.8199999928474426,0.8289999961853027,0.7900000214576721,0.8050000071525574,120200
2025-06-25,0.7749999761581421,0.8500000238418579,0.7699999809265137,0.800000011920929,261500
2025-06-26,0.7699999809265137,0.7829999923706055,0.75,0.7699999809265137,56300
2025-06-27,0.7350000143051147,0.800000011920929,0.703000009059906,0.7599999904632568,352600
2025-06-30,0.7400000095367432,0.7799999713897705,0.7099999785423279,0.7400000095367432,299900
2025-07-01,0.7409999966621399,0.7590000033378601,0.7300000190734863,0.7300000190734863,22900
2025-07-02,0.7649999856948853,0.7649999856948853,0.7400000095367432,0.7400000095367432,25300
2025-07-03,0.7609999775886536,0.7799999713897705,0.75,0.7519999742507935,28900
2025-07-07,0.8050000071525574,0.8199999928474426,0.7409999966621399,0.7409999966621399,454700
2025-07-08,0.7789999842643738,0.800000011920929,0.75,0.781000018119812,99400
2025-07-09,0.7900000214576721,0.800000011920929,0.777999997138977,0.7799999713897705,61800
2025-07-10,0.7860000133514404,0.8399999737739563,0.7699999809265137,0.7889999747276306,179300
2025-07-11,0.7749999761581421,0.7990000247955322,0.7540000081062317,0.7540000081062317,82700
2025-07-14,0.8059999942779541,0.8149999976158142,0.75,0.7799999713897705,254100
2025-07-15,0.7799999713897705,0.7990000247955322,0.7599999904632568,0.7599999904632568,34400
2025-07-16,0.7829999923706055,0.7990000247955322,0.7649999856948853,0.7799999713897705,18600
2025-07-17,0.8029999732971191,0.8199999928474426,0.7799999713897705,0.7799999713897705,42100
2025-07-18,0.8019999861717224,0.8500000238418579,0.796999990940094,0.796999990940094,79400
2025-07-21,0.7599999904632568,0.8199999928474426,0.7509999871253967,0.800000011920929,100300
2025-07-22,0.7799999713897705,0.8180000185966492,0.7609999775886536,0.7799999713897705,72200
2025-07-23,0.800000011920929,0.8199999928474426,0.7799999713897705,0.7799999713897705,35200
2025-07-24,0.8100000023841858,0.8199999928474426,0.7820000052452087,0.8199999928474426,27100
2025-07-25,0.7979999780654907,0.8199999928474426,0.7850000262260437,0.8100000023841858,30000
2025-07-28,0.7699999809265137,0.7979999780654907,0.7699999809265137,0.7799999713897705,33300
2025-07-29,0.7490000128746033,0.7699999809265137,0.7400000095367432,0.7599999904632568,37700
2025-07-30,0.7139999866485596,0.7480000257492065,0.7099999785423279,0.7409999966621399,21100
2025-07-31,0.7310000061988831,0.7400000095367432,0.7099999785423279,0.7099999785423279,12600
2025-08-01,0.7200000286102295,0.7300000190734863,0.7099999785423279,0.7300000190734863,17000
2025-08-04,0.7310000061988831,0.7480000257492065,0.7099999785423279,0.7210000157356262,35300
2025-08-05,0.7279999852180481,0.7310000061988831,0.7200000286102295,0.7300000190734863,23300
2025-08-06,0.7170000076293945,0.7210000157356262,0.7099999785423279,0.7200000286102295,11200
2025-08-07,0.7390000224113464,0.7490000128746033,0.718999981880188,0.718999981880188,33000
2025-08-08,0.7480000257492065,0.7900000214576721,0.734000027179718,0.734000027179718,47400
2025-08-11,0.7549999952316284,0.7680000066757202,0.7300000190734863,0.7490000128746033,14700
2025-08-12,0.7400000095367432,0.75,0.7310000061988831,0.7390000224113464,9000
2025-08-13,0.7699999809265137,0.7829999923706055,0.7300000190734863,0.75,36600
2025-08-14,0.7400000095367432,0.7599999904632568,0.699999988079071,0.7599999904632568,23700
2025-08-15,0.7200000286102295,0.7300000190734863,0.699999988079071,0.7300000190734863,28400
2025-08-18,0.7200000286102295,0.7200000286102295,0.699999988079071,0.7200000286102295,25300
2025-08-19,0.7350000143051147,0.75,0.7039999961853027,0.7039999961853027,11200
2025-08-20,0.7279999852180481,0.7590000033378601,0.7099999785423279,0.7099999785423279,21300
2025-08-21,0.7200000286102295,0.7319999933242798,0.7099999785423279,0.7179999947547913,7000
2025-08-22,0.75,0.75,0.7200000286102295,0.7210000157356262,21200
2025-08-25,0.7599999904632568,0.7699999809265137,0.75,0.75,35000
2025-08-26,0.7639999985694885,0.7670000195503235,0.7400000095367432,0.7549999952316284,13500
2025-08-27,0.9079999923706055,0.9100000262260437,0.7350000143051147,0.7350000143051147,10449600
2025-08-28,1.2400000095367432,1.600000023841858,1.090000033378601,1.100000023841858,110404700
2025-08-29,1.1799999475479126,1.2400000095367432,1.100000023841858,1.2100000381469727,1542100
2025-09-02,1.0700000524520874,1.2000000476837158,1.0700000524520874,1.1449999809265137,476100
2025-09-03,1.1699999570846558,1.2400000095367432,1.0099999904632568,1.0399999618530273,574900
2025-09-04,1.2799999713897705,1.5,1.1399999856948853,1.2300000190734863,2072000
2025-09-05,1.1699999570846558,1.3200000524520874,1.159999966621399,1.2899999618530273,383400
2025-09-08,1.25,1.2990000247955322,1.1200000047683716,1.1399999856948853,278000
2025-09-09,1.1799999475479126,1.2899999618530273,1.149999976158142,1.2699999809265137,149200
2025-09-10,1.149999976158142,1.2400000095367432,1.149999976158142,1.190000057220459,142500
2025-09-11,1.149999976158142,1.2000000476837158,1.149999976158142,1.190000057220459,80000
2025-09-12,1.1399999856948853,1.1749999523162842,1.1200000047683716,1.159999966621399,71100
2025-09-15,1.1100000143051147,1.1299999952316284,1.090000033378601,1.1299999952316284,79900
2025-09-16,1.1299999952316284,1.149999976158142,1.1150000095367432,1.1200000047683716,49900
2025-09-17,1.1399999856948853,1.190000057220459,1.1200000047683716,1.1200000047683716,14139200
2025-09-18,1.4900000095367432,1.590000033378601,1.3200000524520874,1.4700000286102295,23361800
2025-09-19,1.5399999618530273,1.649999976158142,1.340000033378601,1.3700000047683716,1742600
2025-09-22,1.6200000047683716,1.8309999704360962,1.4600000381469727,1.4900000095367432,982700
2025-09-23,1.559999942779541,1.690000057220459,1.5499999523162842,1.6699999570846558,313800
2025-09-24,1.690000057220459,1.7730000019073486,1.434999942779541,1.5099999904632568,619600
2025-09-25,1.649999976158142,1.7400000095367432,1.600000023841858,1.6699999570846558,144400
2025-09-26,1.840000033378601,1.9550000429153442,1.649999976158142,1.649999976158142,490300
2025-09-29,1.9299999475479126,1.9700000286102295,1.7899999618530273,1.8600000143051147,299300
2025-09-30,2.240000009536743,2.25,1.9500000476837158,1.9500000476837158,368400
2025-10-01,2.509999990463257,2.569999933242798,2.1700000762939453,2.180000066757202,419100
2025-10-02,2.8499999046325684,2.950000047683716,2.5399999618530273,2.609999895095825,607900
2025-10-03,2.2799999713897705,2.819999933242798,2.190000057220459,2.7699999809265137,776600
2025-10-06,1.8600000143051147,2.194999933242798,1.784999966621399,2.119999885559082,600200
2025-10-07,2.0999999046325684,2.1600000858306885,1.899999976158142,1.9500000476837158,414900
2025-10-08,2.0,2.130000114440918,2.0,2.0399999618530273,143400
2025-10-09,1.9299999475479126,2.0399999618530273,1.909999966621399,2.009999990463257,133900
2025-10-10,1.840000033378601,2.0,1.7999999523162842,1.8600000143051147,180900
2025-10-13,1.75,1.909000039100647,1.7000000476837158,1.840000033378601,136500
2025-10-14,1.8700000047683716,1.9010000228881836,1.6699999570846558,1.7400000095367432,255100
2025-10-15,1.9299999475479126,1.9700000286102295,1.7999999523162842,1.8700000047683716,152000
2025-10-16,1.809999942779541,1.940000057220459,1.7999999523162842,1.909999966621399,56600
2025-10-17,1.6399999856948853,1.8200000524520874,1.6100000143051147,1.7999999523162842,141400
2025-10-20,1.6399999856948853,1.7300000190734863,1.5709999799728394,1.6699999570846558,53200
2025-10-21,1.6200000047683716,1.7000000476837158,1.590000033378601,1.6399999856948853,27600
2025-10-22,1.5099999904632568,1.6749999523162842,1.3899999856948853,1.6200000047683716,95100
2025-10-23,1.5399999618530273,1.559999942779541,1.5049999952316284,1.5199999809265137,22800
2025-10-24,1.4800000190734863,1.559999942779541,1.4700000286102295,1.5399999618530273,32800
2025-10-27,1.4800000190734863,1.5199999809265137,1.4600000381469727,1.4600000381469727,39900
2025-10-28,1.4600000381469727,1.5099999904632568,1.4500000476837158,1.4900000095367432,30900
2025-10-29,1.3200000524520874,1.4570000171661377,1.2999999523162842,1.4500000476837158,42800
2025-10-30,1.3300000429153442,1.3849999904632568,1.2999999523162842,1.2999999523162842,18000
2025-10-31,1.2999999523162842,1.3300000429153442,1.2599999904632568,1.3300000429153442,45500
2025-11-03,1.2200000286102295,1.2799999713897705,1.1799999475479126,1.2699999809265137,51100
2025-11-04,1.059999942779541,1.2200000286102295,1.0499999523162842,1.2200000286102295,119900
2025-11-05,1.0299999713897705,1.100000023841858,1.0099999904632568,1.0800000429153442,55700
2025-11-06,1.059999942779541,1.1299999952316284,1.0499999523162842,1.0499999523162842,79000
2025-11-07,1.0499999523162842,1.1050000190734863,1.0199999809265137,1.0499999523162842,40700
2025-11-10,1.0399999618530273,1.1050000190734863,1.0199999809265137,1.0199999809265137,82500
2025-11-11,1.090000033378601,1.1100000143051147,1.0299999713897705,1.0299999713897705,31700
2025-11-12,1.1100000143051147,1.1299999952316284,1.059999942779541,1.059999942779541,63200
2025-11-13,1.0199999809265137,1.090000033378601,0.9800000190734863,1.090000033378601,57500
2025-11-14,1.0700000524520874,1.1419999599456787,1.024999976158142,1.0299999713897705,124900
2025-11-17,0.9900000095367432,1.0700000524520874,0.9900000095367432,1.0700000524520874,19200
2025-11-18,0.9539999961853027,1.0,0.9309999942779541,0.9990000128746033,29900
2025-11-19,0.9100000262260437,0.9399999976158142,0.9100000262260437,0.9100000262260437,38800
2025-11-20,0.9300000071525574,0.9440000057220459,0.9100000262260437,0.9440000057220459,18300
2025-11-21,0.9070000052452087,0.949999988079071,0.8600000143051147,0.9419999718666077,18400
2025-11-24,0.8980000019073486,0.9300000071525574,0.8799999952316284,0.9240000247955322,37700
2025-11-25,0.890999972820282,0.925000011920929,0.8619999885559082,0.8899999856948853,46900
2025-11-26,0.9559999704360962,1.0,0.8899999856948853,0.8899999856948853,45600
2025-11-28,1.0099999904632568,1.090000033378601,0.949999988079071,0.949999988079071,59500
2025-12-01,1.0099999904632568,1.0509999990463257,1.0,1.0,18400
2025-12-02,0.9639999866485596,1.055999994277954,0.9599999785423279,1.0099999904632568,25700
2025-12-03,0.9900000095367432,1.0199999809265137,0.9639999866485596,1.0199999809265137,19900
2025-12-04,1.0199999809265137,1.0499999523162842,0.949999988079071,0.9769999980926514,28700
2025-12-05,0.9929999709129333,1.0149999856948853,0.9700000286102295,1.0,9500
2025-12-08,0.9929999709129333,1.0269999504089355,0.9599999785423279,0.9769999980926514,14400
2025-12-09,0.9789999723434448,1.003000020980835,0.949999988079071,0.9649999737739563,24500
2025-12-10,0.9399999976158142,0.9900000095367432,0.9399999976158142,0.9509999752044678,26300
2025-12-11,0.9539999961853027,0.9900000095367432,0.9120000004768372,0.9300000071525574,37900
2025-12-12,0.9259999990463257,0.9769999980926514,0.9200000166893005,0.949999988079071,18000
2025-12-15,0.8999999761581421,0.9200000166893005,0.8999999761581421,0.9200000166893005,23100
2025-12-16,0.859000027179718,0.8960000276565552,0.847000002861023,0.8899999856948853,49200
2025-12-17,0.8970000147819519,0.8999999761581421,0.859000027179718,0.8799999952316284,36300
2025-12-18,0.8690000176429749,0.9100000262260437,0.8500000238418579,0.9100000262260437,25800
2025-12-19,0.8500000238418579,0.8899999856948853,0.8500000238418579,0.8790000081062317,19000
2025-12-22,0.8500000238418579,0.8880000114440918,0.8500000238418579,0.8600000143051147,16900
2025-12-23,0.7900000214576721,0.8500000238418579,0.7900000214576721,0.8450000286102295,22300
2025-12-24,0.847000002861023,0.9300000071525574,0.7739999890327454,0.7739999890327454,46200
2025-12-26,1.0199999809265137,1.0700000524520874,0.8299999833106995,0.8299999833106995,213500
2025-12-29,0.9200000166893005,1.0,0.8899999856948853,0.968999981880188,94600
2025-12-30,0.8999999761581421,0.9079999923706055,0.8799999952316284,0.9079999923706055,31000
2025-12-31,0.9300000071525574,1.0049999952316284,0.8820000290870667,0.9100000262260437,97100
2026-01-02,0.949999988079071,1.0089999437332153,0.9049999713897705,0.9599999785423279,16400
2026-01-05,0.8999999761581421,0.9509999752044678,0.8999999761581421,0.9399999976158142,42900
2026-01-06,0.8859999775886536,0.9459999799728394,0.8820000290870667,0.8899999856948853,52900
2026-01-07,0.8840000033378601,0.9729999899864197,0.8799999952316284,0.902999997138977,9200
2026-01-08,0.9020000100135803,0.9070000052452087,0.8840000033378601,0.8980000019073486,7800
2026-01-09,0.8899999856948853,0.9039999842643738,0.8700000047683716,0.8840000033378601,28800
2026-01-12,0.9629999995231628,0.9800000190734863,0.906000018119812,0.9200000166893005,16600
2026-01-13,1.0499999523162842,1.0499999523162842,0.949999988079071,0.9599999785423279,52400
2026-01-14,1.059999942779541,1.090000033378601,1.0099999904632568,1.0299999713897705,40100
2026-01-15,0.9810000061988831,1.034000039100647,0.9399999976158142,1.0299999713897705,23800
2026-01-16,0.9900000095367432,1.0299999713897705,0.9810000061988831,1.0149999856948853,10500
2026-01-20,0.9700000286102295,0.9869999885559082,0.9599999785423279,0.9810000061988831,22000
2026-01-21,0.9649999737739563,1.0199999809265137,0.9599999785423279,0.9649999737739563,15300
2026-01-22,1.0,1.0299999713897705,0.9599999785423279,0.984000027179718,23900
2026-01-23,1.1100000143051147,1.2100000381469727,0.9900000095367432,1.0,179500
2026-01-26,1.0099999904632568,1.149999976158142,1.0099999904632568,1.1100000143051147,38400
2026-01-27,1.0099999904632568,1.0800000429153442,0.9929999709129333,1.059999942779541,52000
2026-01-28,0.9760000109672546,1.0149999856948853,0.9700000286102295,1.0,17000
2026-01-29,0.9599999785423279,0.9900000095367432,0.949999988079071,0.9900000095367432,17900
2026-01-30,0.9100000262260437,0.9750000238418579,0.9070000052452087,0.9390000104904175,24700
2026-02-02,0.9330000281333923,0.9800000190734863,0.9330000281333923,0.9649999737739563,17200
2026-02-03,0.9300000071525574,1.0099999904632568,0.9200000166893005,0.9300000071525574,39600
2026-02-04,0.8849999904632568,0.949999988079071,0.8849999904632568,0.9300000071525574,32000
2026-02-05,0.7799999713897705,0.871999979019165,0.7789999842643738,0.8700000047683716,60600
2026-02-06,0.8209999799728394,0.8700000047683716,0.7799999713897705,0.7799999713897705,28700
